1.000000 1.000000 0.999909
0.994881 0.994862 0.994734
0.989763 0.989732 0.989566
0.984649 0.984604 0.984394
0.979539 0.979479 0.979217
0.974435 0.974358 0.974039
0.969344 0.969248 0.968861
0.964260 0.964141 0.963676
0.959189 0.959045 0.958490
0.954127 0.953954 0.953293
0.949073 0.948866 0.948083
0.944035 0.943790 0.942869
0.939009 0.938721 0.937638
0.933995 0.933657 0.932390
0.929001 0.928606 0.927130
0.924029 0.923571 0.921857
0.919069 0.918538 0.916558
0.914142 0.913527 0.911239
0.909230 0.908525 0.905898
0.904349 0.903540 0.900528
0.899502 0.898571 0.895136
0.894686 0.893625 0.889711
0.889901 0.888705 0.884263
0.885162 0.883807 0.878779
0.880465 0.878932 0.873268
0.875820 0.874094 0.867728
0.871224 0.869292 0.862158
0.866685 0.864526 0.856550
0.862214 0.859804 0.850916
0.857798 0.855127 0.845259
0.853457 0.850496 0.839577
0.849199 0.845923 0.833868
0.845013 0.841412 0.828132
0.840914 0.836961 0.822387
0.836903 0.832574 0.816622
0.832981 0.828259 0.810843
0.829163 0.824018 0.805059
0.825432 0.819854 0.799276
0.821813 0.815776 0.793489
0.818287 0.811776 0.787700
0.814873 0.807861 0.781929
0.811565 0.804034 0.776162
0.808361 0.800295 0.770413
0.805259 0.796638 0.764685
0.802265 0.793081 0.758975
0.799381 0.789604 0.753290
0.796585 0.786218 0.747641
0.793901 0.782910 0.742011
0.791301 0.779691 0.736413
0.788802 0.776556 0.730851
0.786390 0.773490 0.725327
0.784061 0.770509 0.719827
0.781810 0.767591 0.714358
0.779633 0.764750 0.708936
0.777536 0.761964 0.703534
0.775495 0.759241 0.698164
0.773520 0.756577 0.692837
0.771609 0.753964 0.687524
0.769740 0.751400 0.682241
0.767923 0.748868 0.676996
0.766155 0.746383 0.671761
0.764422 0.743932 0.666550
0.762723 0.741507 0.661369
0.761061 0.739121 0.656203
0.759420 0.736742 0.651047
0.757813 0.734390 0.645904
0.756221 0.732051 0.640779
0.754652 0.729719 0.635662
0.753087 0.727392 0.630559
0.751551 0.725077 0.625451
0.750009 0.722745 0.620359
0.748486 0.720419 0.615252
0.746965 0.718082 0.610157
0.745444 0.715734 0.605060
0.743928 0.713357 0.599961
0.742411 0.710966 0.594852
0.740884 0.708544 0.589736
0.739368 0.706088 0.584623
0.737826 0.703595 0.579499
0.736284 0.701060 0.574352
0.734741 0.698476 0.569208
0.733179 0.695850 0.564064
0.731605 0.693161 0.558894
0.730024 0.690405 0.553729
0.728421 0.687593 0.548569
0.726810 0.684706 0.543393
0.725189 0.681746 0.538231
0.723542 0.678717 0.533065
0.721888 0.675608 0.527917
0.720226 0.672423 0.522796
0.718546 0.669151 0.517701
0.716866 0.665801 0.512632
0.715168 0.662378 0.507620
0.713466 0.658865 0.502649
0.711763 0.655290 0.497762
0.710058 0.651650 0.492920
0.708357 0.647933 0.488191
0.706662 0.644164 0.483533
0.704970 0.640350 0.478994
0.703297 0.636487 0.474567
0.701631 0.632579 0.470255
0.699992 0.628648 0.466063
0.698370 0.624689 0.462019
0.696777 0.620722 0.458106
0.695207 0.616741 0.454345
0.693663 0.612751 0.450717
0.692159 0.608787 0.447232
0.690669 0.604815 0.443906
0.689229 0.600860 0.440701
0.687808 0.596935 0.437661
0.686422 0.593027 0.434736
0.685071 0.589133 0.431953
0.683745 0.585289 0.429275
0.682453 0.581455 0.426725
0.681188 0.577655 0.424282
0.679953 0.573890 0.421938
0.678746 0.570149 0.419707
0.677568 0.566447 0.417553
0.676401 0.562768 0.415472
0.675257 0.559103 0.413475
0.674134 0.555468 0.411534
0.673033 0.551869 0.409665
0.671940 0.548283 0.407838
0.670868 0.544710 0.406071
0.669806 0.541155 0.404328
0.668753 0.537630 0.402632
0.667713 0.534100 0.400984
0.666672 0.530599 0.399329
0.665652 0.527107 0.397732
0.664630 0.523619 0.396143
0.663627 0.520134 0.394568
0.662618 0.516672 0.393013
0.661615 0.513211 0.391481
0.660609 0.509753 0.389939
0.659616 0.506298 0.388428
0.658620 0.502850 0.386908
0.657636 0.499407 0.385403
0.656645 0.495966 0.383912
0.655654 0.492529 0.382411
0.654661 0.489095 0.380933
0.653676 0.485660 0.379435
0.652687 0.482235 0.377948
0.651708 0.478798 0.376473
0.650719 0.475374 0.374978
0.649734 0.471941 0.373496
0.648744 0.468501 0.372005
0.647751 0.465067 0.370521
0.646765 0.461638 0.369046
0.645767 0.458197 0.367548
0.644772 0.454769 0.366071
0.643774 0.451324 0.364570
0.642778 0.447873 0.363074
0.641770 0.444441 0.361582
0.640761 0.440978 0.360072
0.639749 0.437538 0.358559
0.638724 0.434063 0.357059
0.637695 0.430607 0.355537
0.636661 0.427139 0.353989
0.635607 0.423647 0.352451
0.634552 0.420163 0.350908
0.633477 0.416669 0.349334
0.632388 0.413162 0.347757
0.631284 0.409638 0.346145
0.630159 0.406106 0.344534
0.629011 0.402545 0.342912
0.627843 0.398978 0.341245
0.626643 0.395404 0.339568
0.625416 0.391797 0.337839
0.624161 0.388168 0.336093
0.622861 0.384515 0.334327
0.621520 0.380853 0.332513
0.620149 0.377148 0.330636
0.618722 0.373414 0.328744
0.617237 0.369651 0.326778
0.615699 0.365865 0.324776
0.614102 0.362040 0.322736
0.612446 0.358175 0.320621
0.610727 0.354275 0.318430
0.608934 0.350346 0.316195
0.607060 0.346357 0.313876
0.605102 0.342354 0.311480
0.603070 0.338286 0.309040
0.600947 0.334206 0.306498
0.598740 0.330068 0.303864
0.596443 0.325876 0.301162
0.594049 0.321667 0.298383
0.591565 0.317420 0.295519
0.588974 0.313131 0.292572
0.586302 0.308819 0.289547
0.583522 0.304447 0.286411
0.580653 0.300060 0.283228
0.577680 0.295640 0.279940
0.574617 0.291212 0.276585
0.571467 0.286727 0.273138
0.568223 0.282267 0.269626
0.564888 0.277757 0.266032
0.561478 0.273243 0.262364
0.557977 0.268718 0.258637
0.554408 0.264180 0.254861
0.550758 0.259639 0.251002
0.547040 0.255099 0.247090
0.543258 0.250528 0.243122
0.539406 0.245981 0.239130
0.535501 0.241456 0.235103
0.531549 0.236932 0.231003
0.527542 0.232388 0.226884
0.523492 0.227872 0.222732
0.519395 0.223357 0.218545
0.515257 0.218851 0.214337
0.511086 0.214356 0.210104
0.506884 0.209869 0.205872
0.502649 0.205398 0.201581
0.498400 0.200920 0.197330
0.494107 0.196512 0.193043
0.489788 0.192048 0.188761
0.485456 0.187651 0.184460
0.481101 0.183191 0.180154
0.476733 0.178802 0.175846
0.472344 0.174395 0.171570
0.467928 0.169998 0.167303
0.463498 0.165567 0.163022
0.459061 0.161222 0.158751
0.454602 0.156818 0.154465
0.450116 0.152406 0.150238
0.445612 0.148030 0.146005
0.441100 0.143644 0.141783
0.436575 0.139212 0.137600
0.432034 0.134856 0.133402
0.427462 0.130453 0.129227
0.422861 0.126012 0.125102
0.418258 0.121517 0.120972
0.413642 0.117080 0.116915
0.408998 0.112652 0.112911
0.404334 0.108099 0.108855
0.399649 0.103634 0.104838
0.394960 0.099059 0.100920
0.390238 0.094525 0.096994
0.385503 0.089888 0.093119
0.380767 0.085202 0.089344
0.375996 0.080518 0.085505
0.371204 0.075751 0.081859
0.366423 0.070994 0.078058
0.361624 0.066081 0.074313
0.356840 0.061064 0.070322
0.352043 0.056052 0.066182
0.347287 0.050813 0.061797
0.342522 0.045462 0.057219
0.337762 0.039997 0.052327
0.333038 0.034289 0.047198
0.328305 0.028994 0.041679
0.323599 0.023947 0.035720
0.318914 0.019130 0.029528
0.314244 0.014539 0.023554
0.309614 0.009960 0.017575
0.304982 0.005813 0.011559
0.300376 0.001865 0.005395
