0.214288 0.184671 0.218215
0.213695 0.184686 0.222453
0.213149 0.184867 0.226854
0.212682 0.185221 0.231411
0.212275 0.185739 0.236117
0.211909 0.186402 0.240966
0.211587 0.187276 0.245990
0.211313 0.188325 0.251199
0.211092 0.189532 0.256531
0.210924 0.190941 0.262046
0.210809 0.192553 0.267699
0.210745 0.194382 0.273559
0.210735 0.196375 0.279552
0.210780 0.198545 0.285678
0.210881 0.200940 0.292001
0.211040 0.203579 0.298451
0.211262 0.206410 0.305070
0.211550 0.209404 0.311806
0.211903 0.212636 0.318715
0.212315 0.216096 0.325732
0.212791 0.219730 0.332910
0.213362 0.223574 0.340178
0.214039 0.227633 0.347568
0.214773 0.231893 0.355065
0.215634 0.236340 0.362634
0.216596 0.240963 0.370298
0.217645 0.245787 0.378044
0.218824 0.250808 0.385842
0.220136 0.255983 0.393704
0.221557 0.261345 0.401601
0.223144 0.266852 0.409534
0.224833 0.272515 0.417482
0.226739 0.278341 0.425432
0.228780 0.284278 0.433373
0.230975 0.290351 0.441310
0.233330 0.296562 0.449225
0.235914 0.302853 0.457093
0.238630 0.309288 0.464928
0.241573 0.315787 0.472705
0.244665 0.322371 0.480427
0.248003 0.329040 0.488089
0.251502 0.335767 0.495662
0.255197 0.342569 0.503161
0.259085 0.349413 0.510587
0.263163 0.356314 0.517929
0.267410 0.363242 0.525169
0.271874 0.370215 0.532323
0.276548 0.377227 0.539372
0.281362 0.384248 0.546343
0.286364 0.391305 0.553195
0.291568 0.398364 0.559971
0.296919 0.405438 0.566641
0.302413 0.412524 0.573215
0.308091 0.419606 0.579696
0.313927 0.426689 0.586079
0.319904 0.433767 0.592376
0.325999 0.440853 0.598570
0.332269 0.447931 0.604691
0.338637 0.455015 0.610720
0.345144 0.462072 0.616668
0.351758 0.469135 0.622528
0.358495 0.476172 0.628321
0.365342 0.483199 0.634032
0.372284 0.490224 0.639667
0.379333 0.497233 0.645226
0.386464 0.504232 0.650726
0.393695 0.511201 0.656160
0.401019 0.518174 0.661521
0.408397 0.525122 0.666815
0.415861 0.532060 0.672059
0.423392 0.538981 0.677242
0.431005 0.545890 0.682354
0.438662 0.552773 0.687419
0.446390 0.559650 0.692431
0.454175 0.566507 0.697372
0.462005 0.573347 0.702265
0.469892 0.580171 0.707107
0.477810 0.586969 0.711888
0.485774 0.593758 0.716617
0.493783 0.600522 0.721277
0.501828 0.607276 0.725894
0.509894 0.613989 0.730443
0.517999 0.620702 0.734933
0.526123 0.627375 0.739362
0.534261 0.634033 0.743716
0.542428 0.640654 0.748008
0.550601 0.647253 0.752222
0.558779 0.653818 0.756366
0.566980 0.660350 0.760430
0.575165 0.666846 0.764407
0.583352 0.673311 0.768293
0.591538 0.679723 0.772093
0.599707 0.686102 0.775787
0.607860 0.692432 0.779376
0.615981 0.698695 0.782852
0.624083 0.704914 0.786214
0.632141 0.711072 0.789441
0.640162 0.717162 0.792534
0.648124 0.723169 0.795482
0.656045 0.729109 0.798280
0.663891 0.734966 0.800917
0.671658 0.740723 0.803381
0.679346 0.746389 0.805665
0.686947 0.751950 0.807761
0.694436 0.757392 0.809654
0.701818 0.762712 0.811334
0.709084 0.767902 0.812788
0.716205 0.772954 0.814013
0.723169 0.777860 0.814994
0.729986 0.782599 0.815723
0.736619 0.787174 0.816185
0.743074 0.791562 0.816371
0.749315 0.795762 0.816272
0.755356 0.799768 0.815878
0.761161 0.803551 0.815178
0.766723 0.807121 0.814170
0.772035 0.810449 0.812844
0.777079 0.813541 0.811199
0.781835 0.816386 0.809222
0.786299 0.818958 0.806910
0.790451 0.821270 0.804260
0.794295 0.823300 0.801270
0.797801 0.825043 0.797944
0.800975 0.826499 0.794284
0.803804 0.827651 0.790280
0.806279 0.828506 0.785951
0.808393 0.829055 0.781290
0.810139 0.829292 0.776308
0.811525 0.829218 0.771013
0.812534 0.828831 0.765411
0.813174 0.828128 0.759505
0.813444 0.827123 0.753321
0.813345 0.825804 0.746865
0.812880 0.824182 0.740146
0.812055 0.822264 0.733173
0.810870 0.820039 0.725967
0.809340 0.817532 0.718533
0.807461 0.814739 0.710900
0.805245 0.811672 0.703069
0.802707 0.808333 0.695055
0.799858 0.804733 0.686882
0.796690 0.800880 0.678558
0.793240 0.796781 0.670105
0.789498 0.792453 0.661521
0.785485 0.787895 0.652825
0.781209 0.783124 0.644044
0.776687 0.778148 0.635183
0.771923 0.772970 0.626251
0.766932 0.767608 0.617264
0.761729 0.762068 0.608237
0.756327 0.756363 0.599168
0.750735 0.750498 0.590071
0.744955 0.744478 0.580973
0.739016 0.738318 0.571868
0.732912 0.732032 0.562775
0.726659 0.725618 0.553681
0.720272 0.719083 0.544622
0.713758 0.712439 0.535583
0.707126 0.705703 0.526599
0.700384 0.698867 0.517644
0.693541 0.691955 0.508741
0.686609 0.684954 0.499879
0.679589 0.677888 0.491108
0.672506 0.670753 0.482376
0.665342 0.663559 0.473713
0.658125 0.656309 0.465135
0.650849 0.649010 0.456633
0.643524 0.641664 0.448210
0.636168 0.634294 0.439875
0.628770 0.626876 0.431630
0.621338 0.619444 0.423451
0.613883 0.611973 0.415385
0.606417 0.604497 0.407407
0.598935 0.596998 0.399516
0.591441 0.589479 0.391743
0.583939 0.581964 0.384054
0.576450 0.574439 0.376478
0.568941 0.566926 0.368990
0.561455 0.559400 0.361608
0.553976 0.551887 0.354329
0.546517 0.544374 0.347166
0.539065 0.536882 0.340097
0.531638 0.529394 0.333143
0.524235 0.521910 0.326273
0.516862 0.514470 0.319546
0.509514 0.507032 0.312909
0.502202 0.499616 0.306407
0.494928 0.492238 0.299989
0.487693 0.484876 0.293693
0.480488 0.477553 0.287517
0.473329 0.470263 0.281467
0.466230 0.462988 0.275548
0.459182 0.455771 0.269729
0.452184 0.448589 0.264037
0.445229 0.441440 0.258452
0.438343 0.434332 0.253020
0.431524 0.427286 0.247714
0.424758 0.420268 0.242515
0.418057 0.413316 0.237495
0.411436 0.406411 0.232564
0.404885 0.399549 0.227802
0.398421 0.392767 0.223173
0.392028 0.386034 0.218681
0.385714 0.379378 0.214340
0.379500 0.372780 0.210145
0.373370 0.366268 0.206131
0.367330 0.359811 0.202215
0.361397 0.353436 0.198491
0.355569 0.347155 0.194948
0.349826 0.340939 0.191528
0.344184 0.334828 0.188318
0.338673 0.328788 0.185248
0.333275 0.322851 0.182308
0.327972 0.317001 0.179590
0.322810 0.311258 0.177038
0.317747 0.305630 0.174661
0.312810 0.300081 0.172428
0.308003 0.294651 0.170401
0.303324 0.289354 0.168539
0.298785 0.284143 0.166869
0.294356 0.279078 0.165316
0.290069 0.274109 0.164035
0.285909 0.269282 0.162862
0.281907 0.264551 0.161889
0.278016 0.259970 0.161067
0.274256 0.255509 0.160391
0.270650 0.251184 0.159919
0.267133 0.246970 0.159629
0.263805 0.242893 0.159504
0.260565 0.238964 0.159540
0.257468 0.235186 0.159734
0.254513 0.231516 0.160093
0.251672 0.227982 0.160636
0.248950 0.224552 0.161358
0.246339 0.221324 0.162193
0.243857 0.218198 0.163189
0.241520 0.215196 0.164343
0.239271 0.212365 0.165602
0.237158 0.209641 0.167100
0.235131 0.207081 0.168693
0.233177 0.204640 0.170438
0.231389 0.202315 0.172326
0.229641 0.200139 0.174387
0.228049 0.198124 0.176551
0.226519 0.196258 0.178908
0.225052 0.194515 0.181361
0.223711 0.192878 0.183994
0.222445 0.191398 0.186762
0.221263 0.190069 0.189672
0.220154 0.188888 0.192726
0.219106 0.187863 0.195928
0.218138 0.186933 0.199251
0.217241 0.186187 0.202752
0.216423 0.185596 0.206423
0.215641 0.185132 0.210182
0.214918 0.184820 0.214128
