0.700151 0.002745 0.700612
0.700191 0.010833 0.697186
0.700226 0.019196 0.693784
0.700255 0.027497 0.690410
0.700279 0.036129 0.687067
0.700299 0.044535 0.683750
0.700315 0.052201 0.680467
0.700328 0.059479 0.677234
0.700339 0.066138 0.674024
0.700347 0.072500 0.670865
0.700355 0.078557 0.667747
0.700362 0.084489 0.664665
0.700369 0.090118 0.661647
0.700378 0.095602 0.658662
0.700389 0.100919 0.655740
0.700403 0.106180 0.652854
0.700422 0.111272 0.650035
0.700447 0.116281 0.647260
0.700479 0.121141 0.644532
0.700521 0.126029 0.641864
0.700575 0.130794 0.639246
0.700642 0.135455 0.636684
0.700726 0.140079 0.634169
0.700829 0.144685 0.631701
0.700953 0.149193 0.629284
0.701102 0.153641 0.626923
0.701279 0.158084 0.624615
0.701486 0.162466 0.622349
0.701729 0.166801 0.620147
0.702012 0.171076 0.617979
0.702337 0.175336 0.615867
0.702707 0.179555 0.613800
0.703122 0.183741 0.611790
0.703582 0.187936 0.609823
0.704093 0.192033 0.607911
0.704658 0.196154 0.606029
0.705275 0.200200 0.604213
0.705946 0.204298 0.602424
0.706671 0.208310 0.600685
0.707439 0.212332 0.598992
0.708265 0.216333 0.597337
0.709140 0.220302 0.595714
0.710053 0.224219 0.594134
0.711015 0.228186 0.592595
0.712011 0.232099 0.591073
0.713044 0.235997 0.589585
0.714113 0.239864 0.588131
0.715214 0.243717 0.586706
0.716339 0.247586 0.585309
0.717485 0.251421 0.583920
0.718642 0.255233 0.582557
0.719825 0.259028 0.581216
0.721012 0.262798 0.579897
0.722212 0.266557 0.578580
0.723423 0.270315 0.577284
0.724641 0.274034 0.576009
0.725860 0.277747 0.574723
0.727075 0.281433 0.573468
0.728294 0.285107 0.572216
0.729516 0.288786 0.570967
0.730731 0.292428 0.569729
0.731948 0.296063 0.568502
0.733159 0.299689 0.567287
0.734368 0.303280 0.566067
0.735568 0.306883 0.564853
0.736769 0.310471 0.563661
0.737963 0.314024 0.562464
0.739164 0.317574 0.561261
0.740347 0.321115 0.560077
0.741527 0.324632 0.558885
0.742714 0.328153 0.557711
0.743886 0.331654 0.556532
0.745056 0.335166 0.555357
0.746225 0.338633 0.554196
0.747393 0.342111 0.553026
0.748552 0.345565 0.551874
0.749704 0.349024 0.550714
0.750868 0.352465 0.549561
0.752015 0.355908 0.548416
0.753158 0.359324 0.547260
0.754311 0.362743 0.546124
0.755451 0.366162 0.544977
0.756589 0.369556 0.543837
0.757726 0.372949 0.542705
0.758860 0.376350 0.541561
0.759990 0.379722 0.540437
0.761122 0.383103 0.539305
0.762246 0.386459 0.538189
0.763371 0.389823 0.537065
0.764497 0.393183 0.535933
0.765621 0.396533 0.534816
0.766735 0.399878 0.533691
0.767850 0.403228 0.532586
0.768965 0.406563 0.531468
0.770080 0.409898 0.530357
0.771197 0.413225 0.529252
0.772302 0.416545 0.528136
0.773408 0.419864 0.527036
0.774514 0.423171 0.525928
0.775620 0.426487 0.524822
0.776727 0.429800 0.523723
0.777826 0.433105 0.522621
0.778921 0.436413 0.521521
0.780016 0.439713 0.520427
0.781110 0.443016 0.519342
0.782202 0.446308 0.518256
0.783285 0.449611 0.517171
0.784373 0.452911 0.516077
0.785450 0.456202 0.515007
0.786526 0.459505 0.513939
0.787590 0.462792 0.512865
0.788657 0.466096 0.511800
0.789713 0.469411 0.510744
0.790763 0.472703 0.509696
0.791807 0.476015 0.508661
0.792845 0.479325 0.507622
0.793877 0.482635 0.506589
0.794892 0.485949 0.505565
0.795900 0.489268 0.504572
0.796901 0.492594 0.503560
0.797894 0.495924 0.502571
0.798879 0.499261 0.501599
0.799853 0.502601 0.500622
0.800811 0.505942 0.499654
0.801763 0.509301 0.498715
0.802706 0.512652 0.497778
0.803641 0.516005 0.496832
0.804568 0.519378 0.495907
0.805481 0.522745 0.495000
0.806395 0.526120 0.494092
0.807296 0.529496 0.493183
0.808190 0.532873 0.492294
0.809081 0.536254 0.491419
0.809960 0.539633 0.490532
0.810839 0.543029 0.489643
0.811716 0.546423 0.488777
0.812583 0.549811 0.487916
0.813449 0.553199 0.487046
0.814314 0.556601 0.486178
0.815178 0.560003 0.485315
0.816042 0.563405 0.484456
0.816898 0.566806 0.483600
0.817752 0.570200 0.482748
0.818608 0.573611 0.481898
0.819464 0.577019 0.481035
0.820320 0.580426 0.480189
0.821177 0.583832 0.479337
0.822036 0.587241 0.478479
0.822888 0.590654 0.477626
0.823741 0.594071 0.476774
0.824596 0.597489 0.475924
0.825452 0.600903 0.475075
0.826310 0.604330 0.474213
0.827167 0.607752 0.473350
0.828020 0.611173 0.472504
0.828883 0.614590 0.471655
0.829740 0.618022 0.470796
0.830598 0.621451 0.469943
0.831459 0.624886 0.469087
0.832315 0.628325 0.468218
0.833174 0.631759 0.467368
0.834038 0.635197 0.466506
0.834897 0.638641 0.465638
0.835759 0.642088 0.464790
0.836622 0.645532 0.463931
0.837488 0.648990 0.463055
0.838348 0.652439 0.462201
0.839214 0.655902 0.461342
0.840083 0.659357 0.460469
0.840947 0.662826 0.459614
0.841815 0.666286 0.458749
0.842684 0.669764 0.457878
0.843548 0.673236 0.457012
0.844421 0.676714 0.456145
0.845291 0.680187 0.455282
0.846160 0.683675 0.454415
0.847033 0.687166 0.453536
0.847907 0.690654 0.452675
0.848784 0.694149 0.451800
0.849662 0.697652 0.450924
0.850534 0.701158 0.450049
0.851410 0.704667 0.449178
0.852296 0.708180 0.448296
0.853170 0.711699 0.447413
0.854049 0.715220 0.446541
0.854936 0.718742 0.445655
0.855818 0.722269 0.444788
0.856699 0.725811 0.443905
0.857584 0.729347 0.443021
0.858470 0.732893 0.442142
0.859359 0.736436 0.441247
0.860250 0.739997 0.440361
0.861136 0.743552 0.439474
0.862032 0.747115 0.438584
0.862924 0.750684 0.437706
0.863818 0.754257 0.436810
0.864708 0.757833 0.435919
0.865604 0.761413 0.435028
0.866502 0.765006 0.434120
0.867400 0.768593 0.433228
0.868307 0.772195 0.432343
0.869206 0.775798 0.431443
0.870103 0.779408 0.430538
0.871012 0.783023 0.429635
0.871923 0.786651 0.428733
0.872831 0.790273 0.427834
0.873742 0.793911 0.426929
0.874658 0.797545 0.426015
0.875582 0.801192 0.425119
0.876504 0.804847 0.424205
0.877438 0.808510 0.423294
0.878381 0.812177 0.422386
0.879330 0.815859 0.421480
0.880295 0.819541 0.420578
0.881278 0.823243 0.419683
0.882276 0.826956 0.418775
0.883302 0.830680 0.417880
0.884356 0.834420 0.416995
0.885442 0.838174 0.416101
0.886573 0.841950 0.415222
0.887744 0.845741 0.414352
0.888981 0.849563 0.413497
0.890275 0.853401 0.412658
0.891647 0.857274 0.411817
0.893098 0.861176 0.411008
0.894649 0.865109 0.410221
0.896296 0.869084 0.409443
0.898055 0.873088 0.408695
0.899941 0.877132 0.407976
0.901952 0.881224 0.407286
0.904103 0.885355 0.406631
0.906404 0.889529 0.406013
0.908850 0.893747 0.405420
0.911455 0.898012 0.404859
0.914220 0.902322 0.404346
0.917142 0.906675 0.403876
0.920217 0.911070 0.403439
0.923457 0.915502 0.403034
0.926841 0.919982 0.402665
0.930380 0.924494 0.402333
0.934052 0.929044 0.402037
0.937866 0.933626 0.401778
0.941799 0.938244 0.401552
0.945848 0.942888 0.401355
0.950004 0.947555 0.401183
0.954258 0.952243 0.401033
0.958599 0.956957 0.400902
0.963014 0.961688 0.400787
0.967502 0.966439 0.400686
0.972046 0.971205 0.400598
0.976641 0.975983 0.400519
0.981286 0.980779 0.400448
0.985967 0.985584 0.400383
0.990680 0.990397 0.400321
0.995418 0.995218 0.400262
1.000000 1.000000 0.400203
