0.000000 0.019685 0.292012
0.000000 0.027123 0.297477
0.000000 0.034324 0.302951
0.000770 0.041437 0.308474
0.002313 0.047559 0.313999
0.004389 0.053102 0.319541
0.006607 0.058541 0.325077
0.008875 0.063928 0.330632
0.011304 0.069327 0.336184
0.013761 0.074551 0.341745
0.016190 0.079806 0.347302
0.018680 0.085081 0.352845
0.021233 0.090352 0.358380
0.023852 0.095588 0.363915
0.026540 0.100793 0.369445
0.029301 0.106057 0.374962
0.032137 0.111271 0.380473
0.035259 0.116485 0.385952
0.038250 0.121646 0.391441
0.041347 0.126873 0.396885
0.044338 0.132118 0.402322
0.047327 0.137341 0.407744
0.050291 0.142545 0.413143
0.053198 0.147767 0.418496
0.056204 0.152957 0.423834
0.059130 0.158207 0.429146
0.061980 0.163436 0.434417
0.064890 0.168643 0.439659
0.067805 0.173857 0.444866
0.070681 0.179084 0.450023
0.073639 0.184301 0.455148
0.076446 0.189523 0.460213
0.079370 0.194759 0.465243
0.082366 0.199937 0.470235
0.085246 0.205166 0.475168
0.088241 0.210376 0.480040
0.091235 0.215583 0.484851
0.094218 0.220797 0.489612
0.097192 0.225978 0.494324
0.100232 0.231150 0.498959
0.103329 0.236321 0.503527
0.106425 0.241472 0.508043
0.109535 0.246604 0.512469
0.112653 0.251752 0.516836
0.115797 0.256857 0.521122
0.118980 0.261953 0.525335
0.122142 0.267021 0.529472
0.125424 0.272075 0.533513
0.128672 0.277136 0.537493
0.131984 0.282158 0.541364
0.135297 0.287128 0.545169
0.138646 0.292108 0.548881
0.142022 0.297056 0.552495
0.145450 0.301948 0.556010
0.148829 0.306845 0.559451
0.152280 0.311683 0.562792
0.155788 0.316519 0.566024
0.159269 0.321297 0.569164
0.162813 0.326038 0.572213
0.166349 0.330755 0.575152
0.169931 0.335449 0.577990
0.173506 0.340082 0.580735
0.177131 0.344670 0.583369
0.180742 0.349231 0.585911
0.184408 0.353736 0.588331
0.188103 0.358214 0.590660
0.191756 0.362638 0.592890
0.195459 0.367021 0.595001
0.199163 0.371349 0.597019
0.202906 0.375643 0.598924
0.206677 0.379888 0.600726
0.210407 0.384082 0.602428
0.214180 0.388229 0.604032
0.217953 0.392326 0.605517
0.221726 0.396375 0.606919
0.225527 0.400383 0.608211
0.229314 0.404323 0.609400
0.233109 0.408227 0.610490
0.236951 0.412082 0.611486
0.240730 0.415879 0.612378
0.244543 0.419636 0.613178
0.248394 0.423328 0.613885
0.252201 0.426993 0.614500
0.256005 0.430594 0.615024
0.259841 0.434141 0.615458
0.263667 0.437664 0.615805
0.267452 0.441112 0.616066
0.271284 0.444537 0.616242
0.275101 0.447889 0.616335
0.278917 0.451219 0.616346
0.282728 0.454499 0.616278
0.286504 0.457721 0.616132
0.290305 0.460909 0.615910
0.294100 0.464065 0.615615
0.297890 0.467167 0.615250
0.301669 0.470229 0.614817
0.305467 0.473240 0.614316
0.309243 0.476234 0.613751
0.312991 0.479181 0.613125
0.316755 0.482093 0.612438
0.320518 0.484958 0.611695
0.324245 0.487812 0.610895
0.327989 0.490619 0.610032
0.331721 0.493382 0.609131
0.335462 0.496123 0.608170
0.339182 0.498847 0.607163
0.342896 0.501536 0.606097
0.346594 0.504196 0.605004
0.350304 0.506820 0.603868
0.353988 0.509431 0.602681
0.357695 0.512011 0.601461
0.361368 0.514581 0.600207
0.365046 0.517123 0.598919
0.368732 0.519637 0.597597
0.372390 0.522136 0.596244
0.376068 0.524629 0.594862
0.379726 0.527104 0.593457
0.383393 0.529559 0.592028
0.387038 0.531999 0.590563
0.390702 0.534426 0.589083
0.394350 0.536854 0.587588
0.398010 0.539255 0.586082
0.401651 0.541653 0.584549
0.405309 0.544055 0.583000
0.408958 0.546451 0.581444
0.412620 0.548836 0.579883
0.416266 0.551214 0.578297
0.419924 0.553589 0.576723
0.423577 0.555966 0.575124
0.427255 0.558349 0.573533
0.430920 0.560739 0.571936
0.434592 0.563134 0.570334
0.438275 0.565516 0.568739
0.441970 0.567921 0.567154
0.445653 0.570324 0.565555
0.449372 0.572751 0.563984
0.453088 0.575172 0.562413
0.456815 0.577609 0.560839
0.460554 0.580071 0.559289
0.464329 0.582532 0.557753
0.468090 0.585025 0.556224
0.471892 0.587521 0.554727
0.475701 0.590045 0.553237
0.479531 0.592602 0.551784
0.483376 0.595163 0.550343
0.487262 0.597758 0.548937
0.491171 0.600379 0.547547
0.495092 0.603030 0.546205
0.499048 0.605705 0.544882
0.503033 0.608430 0.543601
0.507063 0.611175 0.542362
0.511121 0.613951 0.541157
0.515221 0.616784 0.540005
0.519365 0.619650 0.538906
0.523549 0.622551 0.537856
0.527774 0.625506 0.536859
0.532056 0.628513 0.535909
0.536386 0.631562 0.535035
0.540767 0.634669 0.534222
0.545210 0.637827 0.533480
0.549713 0.641042 0.532824
0.554280 0.644322 0.532239
0.558908 0.647668 0.531735
0.563623 0.651081 0.531322
0.568393 0.654556 0.531005
0.573256 0.658113 0.530786
0.578185 0.661741 0.530673
0.583210 0.665439 0.530670
0.588318 0.669224 0.530785
0.593527 0.673092 0.531021
0.598823 0.677045 0.531388
0.604224 0.681075 0.531891
0.609715 0.685212 0.532538
0.615313 0.689437 0.533324
0.621028 0.693747 0.534274
0.626842 0.698160 0.535385
0.632773 0.702676 0.536678
0.638815 0.707284 0.538138
0.644968 0.711994 0.539769
0.651246 0.716808 0.541600
0.657637 0.721708 0.543636
0.664134 0.726720 0.545874
0.670753 0.731827 0.548316
0.677482 0.737028 0.550966
0.684308 0.742324 0.553837
0.691252 0.747712 0.556942
0.698295 0.753176 0.560263
0.705437 0.758734 0.563820
0.712660 0.764363 0.567601
0.719976 0.770062 0.571615
0.727356 0.775826 0.575875
0.734808 0.781649 0.580351
0.742309 0.787514 0.585065
0.749848 0.793424 0.589994
0.757429 0.799359 0.595157
0.765029 0.805308 0.600533
0.772627 0.811276 0.606116
0.780223 0.817237 0.611908
0.787797 0.823187 0.617890
0.795338 0.829118 0.624063
0.802828 0.835007 0.630403
0.810254 0.840854 0.636905
0.817606 0.846639 0.643551
0.824867 0.852369 0.650346
0.832029 0.858008 0.657267
0.839067 0.863572 0.664290
0.845978 0.869034 0.671417
0.852758 0.874388 0.678630
0.859382 0.879634 0.685918
0.865852 0.884764 0.693264
0.872158 0.889765 0.700656
0.878287 0.894641 0.708082
0.884242 0.899378 0.715538
0.890009 0.903974 0.722994
0.895594 0.908436 0.730465
0.900987 0.912750 0.737920
0.906192 0.916925 0.745366
0.911203 0.920947 0.752783
0.916019 0.924832 0.760177
0.920649 0.928573 0.767527
0.925092 0.932174 0.774837
0.929348 0.935638 0.782106
0.933419 0.938962 0.789317
0.937317 0.942154 0.796469
0.941033 0.945214 0.803571
0.944583 0.948144 0.810609
0.947963 0.950955 0.817589
0.951184 0.953646 0.824507
0.954248 0.956221 0.831368
0.957160 0.958686 0.838158
0.959932 0.961044 0.844890
0.962561 0.963300 0.851556
0.965056 0.965457 0.858165
0.967430 0.967528 0.864717
0.969674 0.969503 0.871210
0.971806 0.971398 0.877646
0.973823 0.973215 0.884030
0.975734 0.974951 0.890356
0.977550 0.976620 0.896639
0.979267 0.978221 0.902870
0.980894 0.979764 0.909052
0.982438 0.981243 0.915193
0.983897 0.982669 0.921295
0.985283 0.984042 0.927356
0.986597 0.985368 0.933382
0.987842 0.986651 0.939379
0.989028 0.987890 0.945342
0.990154 0.989097 0.951274
0.991225 0.990266 0.957179
0.992248 0.991406 0.963063
0.993225 0.992520 0.968924
0.994154 0.993608 0.974764
0.995046 0.994670 0.980593
0.995902 0.995716 0.986405
0.996726 0.996746 0.992202
0.997520 0.997764 0.997988
