0.171032 0.100402 0.299782
0.170868 0.104144 0.303372
0.170677 0.107856 0.306989
0.170463 0.111594 0.310614
0.170227 0.115240 0.314216
0.169972 0.118939 0.317840
0.169698 0.122543 0.321462
0.169404 0.126240 0.325088
0.169084 0.129892 0.328738
0.168737 0.133501 0.332383
0.168373 0.137129 0.336012
0.168007 0.140767 0.339673
0.167646 0.144378 0.343319
0.167278 0.147990 0.346977
0.166888 0.151600 0.350639
0.166476 0.155235 0.354294
0.166051 0.158875 0.357969
0.165623 0.162508 0.361639
0.165203 0.166121 0.365312
0.164797 0.169787 0.369002
0.164391 0.173411 0.372682
0.163968 0.177075 0.376391
0.163527 0.180716 0.380085
0.163081 0.184398 0.383795
0.162637 0.188101 0.387502
0.162198 0.191754 0.391238
0.161760 0.195449 0.394962
0.161310 0.199141 0.398700
0.160837 0.202866 0.402443
0.160362 0.206620 0.406214
0.159908 0.210329 0.409984
0.159471 0.214084 0.413758
0.159039 0.217839 0.417555
0.158601 0.221601 0.421349
0.158144 0.225384 0.425181
0.157676 0.229179 0.429013
0.157228 0.232977 0.432870
0.156806 0.236829 0.436744
0.156386 0.240632 0.440631
0.155952 0.244485 0.444564
0.155517 0.248387 0.448507
0.155097 0.252261 0.452491
0.154694 0.256148 0.456492
0.154309 0.260084 0.460536
0.153943 0.264033 0.464642
0.153600 0.267966 0.468777
0.153286 0.271942 0.472958
0.153005 0.275975 0.477209
0.152762 0.279975 0.481516
0.152563 0.284007 0.485886
0.152415 0.288059 0.490337
0.152323 0.292137 0.494857
0.152295 0.296219 0.499444
0.152339 0.300310 0.504136
0.152463 0.304414 0.508899
0.152674 0.308529 0.513749
0.152981 0.312618 0.518688
0.153392 0.316727 0.523706
0.153915 0.320817 0.528817
0.154555 0.324864 0.533993
0.155323 0.328919 0.539260
0.156229 0.332926 0.544598
0.157206 0.336879 0.549998
0.158378 0.340797 0.555448
0.159616 0.344655 0.560957
0.161055 0.348463 0.566511
0.162589 0.352195 0.572090
0.164258 0.355879 0.577689
0.166003 0.359470 0.583313
0.167904 0.362993 0.588941
0.169932 0.366457 0.594581
0.172025 0.369823 0.600212
0.174249 0.373130 0.605830
0.176531 0.376379 0.611449
0.178949 0.379540 0.617045
0.181403 0.382648 0.622622
0.183976 0.385696 0.628190
0.186619 0.388711 0.633736
0.189341 0.391669 0.639262
0.192134 0.394587 0.644771
0.195027 0.397481 0.650276
0.197982 0.400359 0.655767
0.201030 0.403213 0.661243
0.204231 0.406065 0.666711
0.207483 0.408906 0.672184
0.210863 0.411761 0.677651
0.214378 0.414631 0.683108
0.218033 0.417528 0.688571
0.221826 0.420436 0.694021
0.225816 0.423384 0.699481
0.229930 0.426373 0.704939
0.234292 0.429408 0.710390
0.238813 0.432492 0.715836
0.243553 0.435617 0.721257
0.248547 0.438782 0.726672
0.253725 0.442028 0.732066
0.259152 0.445303 0.737422
0.264778 0.448649 0.742750
0.270677 0.452043 0.748029
0.276773 0.455480 0.753250
0.283095 0.458971 0.758422
0.289622 0.462495 0.763516
0.296351 0.466068 0.768535
0.303257 0.469688 0.773474
0.310367 0.473307 0.778324
0.317597 0.476974 0.783072
0.324970 0.480647 0.787721
0.332494 0.484334 0.792267
0.340093 0.488042 0.796701
0.347786 0.491739 0.801030
0.355555 0.495425 0.805247
0.363359 0.499108 0.809363
0.371217 0.502778 0.813363
0.379113 0.506438 0.817267
0.387014 0.510082 0.821072
0.394935 0.513709 0.824780
0.402847 0.517310 0.828402
0.410758 0.520881 0.831943
0.418634 0.524436 0.835398
0.426504 0.527966 0.838782
0.434346 0.531477 0.842105
0.442172 0.534964 0.845359
0.449948 0.538437 0.848559
0.457695 0.541872 0.851707
0.465406 0.545307 0.854810
0.473085 0.548724 0.857863
0.480729 0.552119 0.860879
0.488341 0.555493 0.863862
0.495894 0.558869 0.866797
0.503414 0.562249 0.869705
0.510895 0.565597 0.872582
0.518335 0.568956 0.875424
0.525716 0.572320 0.878233
0.533049 0.575682 0.881008
0.540328 0.579042 0.883754
0.547548 0.582405 0.886461
0.554710 0.585792 0.889130
0.561804 0.589169 0.891760
0.568813 0.592583 0.894351
0.575760 0.595989 0.896895
0.582600 0.599423 0.899390
0.589354 0.602864 0.901830
0.596014 0.606322 0.904217
0.602558 0.609800 0.906550
0.608993 0.613288 0.908815
0.615285 0.616803 0.911017
0.621456 0.620324 0.913150
0.627490 0.623854 0.915206
0.633377 0.627389 0.917197
0.639110 0.630941 0.919099
0.644686 0.634493 0.920929
0.650114 0.638043 0.922685
0.655374 0.641594 0.924355
0.660476 0.645145 0.925951
0.665423 0.648695 0.927463
0.670216 0.652234 0.928904
0.674845 0.655767 0.930274
0.679329 0.659281 0.931567
0.683675 0.662794 0.932793
0.687888 0.666281 0.933957
0.691973 0.669769 0.935062
0.695936 0.673235 0.936114
0.699783 0.676690 0.937110
0.703538 0.680123 0.938058
0.707197 0.683555 0.938964
0.710775 0.686972 0.939834
0.714271 0.690376 0.940666
0.717713 0.693771 0.941466
0.721083 0.697160 0.942246
0.724414 0.700543 0.942999
0.727695 0.703915 0.943730
0.730940 0.707284 0.944446
0.734158 0.710651 0.945148
0.737345 0.714009 0.945832
0.740512 0.717375 0.946509
0.743663 0.720725 0.947182
0.746797 0.724085 0.947844
0.749918 0.727443 0.948500
0.753034 0.730802 0.949152
0.756148 0.734165 0.949802
0.759251 0.737524 0.950450
0.762355 0.740887 0.951095
0.765464 0.744257 0.951736
0.768558 0.747631 0.952378
0.771667 0.751005 0.953024
0.774765 0.754380 0.953665
0.777876 0.757757 0.954305
0.780981 0.761139 0.954947
0.784096 0.764526 0.955591
0.787207 0.767912 0.956232
0.790319 0.771312 0.956872
0.793444 0.774703 0.957517
0.796559 0.778108 0.958163
0.799691 0.781515 0.958806
0.802814 0.784924 0.959450
0.805948 0.788334 0.960097
0.809088 0.791749 0.960744
0.812223 0.795169 0.961389
0.815367 0.798594 0.962035
0.818510 0.802020 0.962686
0.821666 0.805450 0.963336
0.824815 0.808891 0.963984
0.827972 0.812327 0.964634
0.831138 0.815773 0.965286
0.834302 0.819214 0.965939
0.837470 0.822670 0.966593
0.840640 0.826123 0.967249
0.843810 0.829585 0.967905
0.846989 0.833043 0.968558
0.850174 0.836510 0.969212
0.853356 0.839984 0.969868
0.856547 0.843451 0.970526
0.859742 0.846929 0.971184
0.862940 0.850412 0.971844
0.866137 0.853895 0.972506
0.869340 0.857386 0.973165
0.872548 0.860879 0.973823
0.875758 0.864379 0.974484
0.878969 0.867881 0.975146
0.882187 0.871384 0.975809
0.885409 0.874890 0.976473
0.888635 0.878403 0.977140
0.891863 0.881920 0.977804
0.895095 0.885439 0.978468
0.898326 0.888964 0.979137
0.901566 0.892492 0.979807
0.904809 0.896022 0.980474
0.908057 0.899559 0.981142
0.911303 0.903098 0.981813
0.914556 0.906639 0.982484
0.917813 0.910187 0.983151
0.921066 0.913737 0.983823
0.924330 0.917292 0.984498
0.927593 0.920843 0.985170
0.930866 0.924406 0.985842
0.934133 0.927970 0.986516
0.937412 0.931540 0.987191
0.940689 0.935113 0.987862
0.943968 0.938690 0.988536
0.947251 0.942272 0.989213
0.950534 0.945851 0.989888
0.953821 0.949437 0.990561
0.957106 0.953030 0.991236
0.960399 0.956621 0.991911
0.963687 0.960219 0.992587
0.966981 0.963815 0.993262
0.970273 0.967421 0.993933
0.973568 0.971024 0.994603
0.976862 0.974631 0.995274
0.980158 0.978242 0.995945
0.983450 0.981861 0.996615
0.986748 0.985477 0.997285
0.990040 0.989098 0.997954
0.993335 0.992721 0.998623
0.996621 0.996340 0.999290
0.999916 0.999970 0.999952
