0.049747 0.049747 0.049747
0.060384 0.060385 0.060384
0.069772 0.069773 0.069773
0.078116 0.078117 0.078117
0.085807 0.085810 0.085809
0.092920 0.092923 0.092922
0.099846 0.099848 0.099847
0.106800 0.106801 0.106801
0.113681 0.113682 0.113682
0.120546 0.120547 0.120547
0.127458 0.127458 0.127458
0.134389 0.134389 0.134389
0.141276 0.141276 0.141276
0.148126 0.148126 0.148126
0.154994 0.154994 0.154994
0.161878 0.161878 0.161878
0.168702 0.168702 0.168702
0.175509 0.175509 0.175509
0.182309 0.182309 0.182309
0.189121 0.189121 0.189121
0.195892 0.195892 0.195892
0.202633 0.202633 0.202633
0.209369 0.209369 0.209369
0.216100 0.216100 0.216100
0.222776 0.222776 0.222776
0.229416 0.229416 0.229416
0.236073 0.236073 0.236073
0.242663 0.242663 0.242663
0.249255 0.249255 0.249255
0.255806 0.255806 0.255806
0.262342 0.262342 0.262342
0.268854 0.268854 0.268854
0.275321 0.275321 0.275321
0.281757 0.281757 0.281757
0.288160 0.288160 0.288160
0.294538 0.294538 0.294538
0.300889 0.300889 0.300889
0.307211 0.307211 0.307211
0.313508 0.313508 0.313508
0.319763 0.319763 0.319763
0.325968 0.325968 0.325968
0.332175 0.332175 0.332175
0.338315 0.338315 0.338315
0.344435 0.344435 0.344435
0.350537 0.350537 0.350537
0.356585 0.356585 0.356585
0.362593 0.362593 0.362593
0.368580 0.368580 0.368580
0.374523 0.374523 0.374523
0.380429 0.380429 0.380429
0.386290 0.386290 0.386290
0.392132 0.392132 0.392132
0.397937 0.397937 0.397937
0.403699 0.403699 0.403699
0.409422 0.409422 0.409422
0.415111 0.415111 0.415111
0.420763 0.420763 0.420763
0.426389 0.426389 0.426389
0.431998 0.431998 0.431998
0.437562 0.437562 0.437562
0.443100 0.443100 0.443100
0.448628 0.448628 0.448628
0.454139 0.454139 0.454139
0.459646 0.459646 0.459646
0.465151 0.465151 0.465151
0.470678 0.470678 0.470678
0.476215 0.476215 0.476215
0.481780 0.481780 0.481780
0.487380 0.487380 0.487380
0.493005 0.493005 0.493005
0.498699 0.498699 0.498699
0.504437 0.504437 0.504437
0.510215 0.510215 0.510215
0.516057 0.516057 0.516057
0.521966 0.521966 0.521966
0.527943 0.527943 0.527943
0.533976 0.533976 0.533976
0.540081 0.540081 0.540081
0.546261 0.546261 0.546261
0.552494 0.552494 0.552494
0.558792 0.558792 0.558792
0.565167 0.565167 0.565167
0.571618 0.571618 0.571618
0.578130 0.578130 0.578130
0.584725 0.584725 0.584725
0.591382 0.591382 0.591382
0.598109 0.598109 0.598109
0.604918 0.604918 0.604918
0.611794 0.611794 0.611794
0.618752 0.618752 0.618752
0.625771 0.625771 0.625771
0.632874 0.632874 0.632874
0.640054 0.640054 0.640054
0.647306 0.647306 0.647306
0.654632 0.654632 0.654632
0.662051 0.662051 0.662051
0.669536 0.669536 0.669536
0.677106 0.677106 0.677106
0.684747 0.684747 0.684747
0.692484 0.692484 0.692484
0.700289 0.700289 0.700289
0.708183 0.708183 0.708183
0.716164 0.716164 0.716164
0.724220 0.724220 0.724220
0.732371 0.732371 0.732371
0.740598 0.740598 0.740598
0.748916 0.748916 0.748916
0.757325 0.757325 0.757325
0.765823 0.765823 0.765823
0.774402 0.774402 0.774402
0.783078 0.783078 0.783078
0.791845 0.791845 0.791845
0.800705 0.800705 0.800705
0.809657 0.809657 0.809657
0.818698 0.818698 0.818698
0.827840 0.827840 0.827840
0.837081 0.837081 0.837081
0.846409 0.846409 0.846409
0.855845 0.855845 0.855845
0.865372 0.865372 0.865372
0.875003 0.875003 0.875003
0.884733 0.884733 0.884733
0.894563 0.894563 0.894563
0.904484 0.904484 0.904484
0.914505 0.914505 0.914505
0.924609 0.924609 0.924609
0.934801 0.934801 0.934801
0.945072 0.945072 0.945072
0.008504 0.251455 0.150584
0.020763 0.255549 0.147623
0.033696 0.259727 0.144685
0.047492 0.263977 0.141796
0.060283 0.268282 0.138984
0.072337 0.272675 0.136309
0.084200 0.277146 0.133853
0.095826 0.281652 0.131562
0.107505 0.286180 0.129509
0.119218 0.290743 0.127733
0.131026 0.295279 0.126274
0.142886 0.299785 0.125109
0.154808 0.304209 0.124283
0.166802 0.308560 0.123809
0.178769 0.312776 0.123672
0.190688 0.316886 0.123858
0.202550 0.320854 0.124344
0.214319 0.324652 0.125107
0.225947 0.328324 0.126116
0.237408 0.331837 0.127259
0.248675 0.335221 0.128625
0.259751 0.338433 0.130154
0.270639 0.341543 0.131712
0.281300 0.344520 0.133371
0.291800 0.347411 0.135095
0.302077 0.350188 0.136822
0.312189 0.352880 0.138601
0.322153 0.355506 0.140369
0.331942 0.358053 0.142144
0.341591 0.360533 0.143910
0.351115 0.362988 0.145685
0.360506 0.365396 0.147404
0.369822 0.367762 0.149120
0.379051 0.370105 0.150827
0.388209 0.372423 0.152514
0.397309 0.374731 0.154209
0.406376 0.377020 0.155919
0.415400 0.379290 0.157562
0.424412 0.381563 0.159240
0.433411 0.383829 0.160917
0.442431 0.386086 0.162594
0.451446 0.388367 0.164275
0.460478 0.390646 0.165918
0.469568 0.392932 0.167627
0.478669 0.395244 0.169360
0.487835 0.397568 0.171061
0.497037 0.399915 0.172819
0.506302 0.402299 0.174642
0.515634 0.404731 0.176467
0.525043 0.407220 0.178437
0.534518 0.409777 0.180428
0.544067 0.412418 0.182567
0.553688 0.415152 0.184891
0.563393 0.418024 0.187387
0.573154 0.421052 0.190091
0.582965 0.424279 0.193110
0.592835 0.427733 0.196486
0.602709 0.431441 0.200204
0.612580 0.435443 0.204466
0.622413 0.439773 0.209188
0.632165 0.444477 0.214506
0.641780 0.449558 0.220458
0.651216 0.455053 0.227021
0.660405 0.460949 0.234261
0.669309 0.467271 0.242155
0.677865 0.473972 0.250697
0.686027 0.481048 0.259864
0.693765 0.488473 0.269590
0.701065 0.496177 0.279813
0.707907 0.504161 0.290477
0.714300 0.512334 0.301535
0.720267 0.520687 0.312924
0.725831 0.529182 0.324564
0.731018 0.537769 0.336420
0.735881 0.546431 0.348448
0.740466 0.555137 0.360584
0.744803 0.563896 0.372839
0.748940 0.572671 0.385162
0.752913 0.581454 0.397553
0.756761 0.590253 0.409988
0.760506 0.599065 0.422437
0.764169 0.607875 0.434943
0.767774 0.616678 0.447445
0.771347 0.625474 0.459981
0.774878 0.634273 0.472535
0.778400 0.643049 0.485095
0.781912 0.651821 0.497693
0.785417 0.660563 0.510285
0.788929 0.669296 0.522915
0.792446 0.677998 0.535562
0.795980 0.686665 0.548263
0.799544 0.695301 0.560987
0.803122 0.703895 0.573772
0.806743 0.712439 0.586614
0.810388 0.720932 0.599523
0.814079 0.729364 0.612487
0.817808 0.737713 0.625525
0.821582 0.745977 0.638617
0.825384 0.754139 0.651756
0.829229 0.762170 0.664908
0.833087 0.770067 0.678072
0.836970 0.777809 0.691191
0.840855 0.785370 0.704253
0.844735 0.792737 0.717217
0.848596 0.799902 0.730032
0.852435 0.806848 0.742676
0.856225 0.813565 0.755116
0.859973 0.820063 0.767320
0.863665 0.826342 0.779284
0.867288 0.832403 0.790988
0.870854 0.838258 0.802431
0.874358 0.843922 0.813620
0.877803 0.849423 0.824574
0.881194 0.854772 0.835320
0.884543 0.860002 0.845888
0.887857 0.865135 0.856333
0.891160 0.870212 0.866696
0.894463 0.875265 0.877033
0.897775 0.880312 0.887403
0.901115 0.885392 0.897852
0.904494 0.890521 0.908424
0.907927 0.895726 0.919151
0.911405 0.901015 0.930076
0.914944 0.906406 0.941204
0.918538 0.911896 0.952554
0.922190 0.917495 0.964118
0.925881 0.923186 0.975892
0.929608 0.928963 0.987857
