0.101441 0.200110 0.700194
0.103275 0.203014 0.698806
0.104955 0.205896 0.697423
0.106727 0.208726 0.696046
0.108299 0.211567 0.694659
0.109977 0.214366 0.693287
0.111521 0.217161 0.691913
0.113070 0.219940 0.690533
0.114496 0.222699 0.689172
0.116032 0.225438 0.687800
0.117443 0.228185 0.686435
0.118906 0.230894 0.685075
0.120279 0.233585 0.683714
0.121658 0.236312 0.682359
0.123038 0.238984 0.681006
0.124419 0.241675 0.679659
0.125813 0.244322 0.678320
0.127111 0.246997 0.676983
0.128474 0.249641 0.675640
0.129827 0.252304 0.674306
0.131137 0.254955 0.672979
0.132446 0.257568 0.671645
0.133757 0.260201 0.670328
0.135070 0.262823 0.669002
0.136327 0.265434 0.667684
0.137679 0.268035 0.666360
0.138935 0.270668 0.665046
0.140231 0.273263 0.663742
0.141543 0.275872 0.662432
0.142820 0.278454 0.661119
0.144107 0.281028 0.659816
0.145415 0.283628 0.658510
0.146648 0.286201 0.657214
0.147947 0.288802 0.655913
0.149229 0.291388 0.654606
0.150503 0.293949 0.653308
0.151764 0.296539 0.652018
0.153035 0.299117 0.650721
0.154318 0.301673 0.649430
0.155613 0.304252 0.648128
0.156880 0.306831 0.646841
0.158164 0.309412 0.645542
0.159416 0.311952 0.644249
0.160695 0.314529 0.642960
0.162002 0.317106 0.641664
0.163274 0.319678 0.640376
0.164543 0.322244 0.639079
0.165794 0.324799 0.637784
0.167115 0.327367 0.636491
0.168375 0.329947 0.635186
0.169688 0.332517 0.633890
0.170957 0.335083 0.632583
0.172248 0.337633 0.631277
0.173551 0.340199 0.629962
0.174877 0.342765 0.628648
0.176151 0.345314 0.627322
0.177520 0.347876 0.625992
0.178838 0.350435 0.624657
0.180160 0.352981 0.623315
0.181504 0.355536 0.621949
0.182872 0.358073 0.620594
0.184263 0.360596 0.619216
0.185685 0.363136 0.617815
0.187076 0.365668 0.616413
0.188513 0.368188 0.614982
0.189944 0.370692 0.613540
0.191409 0.373200 0.612083
0.192907 0.375695 0.610606
0.194447 0.378180 0.609108
0.195967 0.380661 0.607582
0.197527 0.383122 0.606021
0.199102 0.385560 0.604456
0.200717 0.388001 0.602850
0.202374 0.390426 0.601219
0.204080 0.392837 0.599568
0.205772 0.395241 0.597878
0.207501 0.397623 0.596167
0.209253 0.399988 0.594425
0.211048 0.402341 0.592662
0.212851 0.404685 0.590855
0.214697 0.407021 0.589024
0.216590 0.409339 0.587173
0.218472 0.411640 0.585301
0.220405 0.413936 0.583386
0.222326 0.416219 0.581455
0.224273 0.418485 0.579507
0.226292 0.420749 0.577521
0.228298 0.423003 0.575529
0.230292 0.425262 0.573509
0.232354 0.427507 0.571468
0.234418 0.429738 0.569412
0.236494 0.431981 0.567351
0.238559 0.434195 0.565258
0.240659 0.436433 0.563176
0.242782 0.438655 0.561063
0.244908 0.440883 0.558948
0.247068 0.443126 0.556836
0.249228 0.445357 0.554707
0.251414 0.447595 0.552578
0.253591 0.449854 0.550447
0.255782 0.452118 0.548322
0.257992 0.454385 0.546194
0.260238 0.456657 0.544064
0.262487 0.458956 0.541944
0.264746 0.461264 0.539834
0.267031 0.463588 0.537747
0.269365 0.465931 0.535653
0.271670 0.468302 0.533584
0.274045 0.470701 0.531541
0.276437 0.473109 0.529517
0.278846 0.475569 0.527507
0.281273 0.478037 0.525529
0.283755 0.480545 0.523580
0.286254 0.483087 0.521652
0.288817 0.485665 0.519766
0.291406 0.488292 0.517923
0.294012 0.490955 0.516096
0.296691 0.493641 0.514334
0.299399 0.496376 0.512590
0.302129 0.499165 0.510895
0.304936 0.502001 0.509249
0.307762 0.504874 0.507643
0.310668 0.507797 0.506069
0.313590 0.510755 0.504562
0.316562 0.513775 0.503071
0.319579 0.516828 0.501649
0.322646 0.519921 0.500247
0.325731 0.523075 0.498902
0.328896 0.526263 0.497597
0.332081 0.529491 0.496307
0.335316 0.532757 0.495080
0.338565 0.536058 0.493873
0.341872 0.539398 0.492693
0.345206 0.542783 0.491567
0.348575 0.546195 0.490446
0.351966 0.549630 0.489345
0.355415 0.553094 0.488287
0.358852 0.556596 0.487239
0.362345 0.560123 0.486202
0.365854 0.563673 0.485185
0.369381 0.567240 0.484185
0.372929 0.570823 0.483199
0.376515 0.574431 0.482229
0.380098 0.578061 0.481253
0.383710 0.581709 0.480296
0.387326 0.585380 0.479342
0.390980 0.589046 0.478387
0.394629 0.592751 0.477439
0.398306 0.596451 0.476496
0.401978 0.600169 0.475558
0.405692 0.603906 0.474615
0.409398 0.607651 0.473662
0.413126 0.611403 0.472723
0.416860 0.615163 0.471790
0.420597 0.618953 0.470843
0.424359 0.622735 0.469902
0.428133 0.626534 0.468954
0.431922 0.630349 0.467997
0.435709 0.634172 0.467055
0.439505 0.637999 0.466094
0.443323 0.641840 0.465140
0.447143 0.645690 0.464197
0.450983 0.649560 0.463220
0.454835 0.653426 0.462265
0.458687 0.657318 0.461305
0.462548 0.661207 0.460331
0.466433 0.665110 0.459373
0.470328 0.669029 0.458397
0.474226 0.672957 0.457422
0.478136 0.676893 0.456446
0.482064 0.680831 0.455471
0.485991 0.684792 0.454495
0.489937 0.688766 0.453502
0.493897 0.692746 0.452527
0.497874 0.696730 0.451532
0.501847 0.700731 0.450538
0.505825 0.704741 0.449545
0.509834 0.708768 0.448549
0.513854 0.712792 0.447538
0.517878 0.716845 0.446543
0.521903 0.720893 0.445532
0.525961 0.724966 0.444538
0.530021 0.729039 0.443523
0.534088 0.733130 0.442513
0.538185 0.737229 0.441493
0.542279 0.741336 0.440469
0.546397 0.745461 0.439450
0.550519 0.749592 0.438427
0.554662 0.753743 0.437409
0.558814 0.757902 0.436376
0.563001 0.762067 0.435350
0.567196 0.766250 0.434306
0.571406 0.770443 0.433272
0.575652 0.774644 0.432249
0.579917 0.778862 0.431207
0.584205 0.783089 0.430163
0.588525 0.787331 0.429123
0.592898 0.791580 0.428085
0.597297 0.795841 0.427048
0.601739 0.800118 0.425999
0.606235 0.804401 0.424971
0.610797 0.808695 0.423927
0.615410 0.812993 0.422894
0.620108 0.817305 0.421867
0.624872 0.821627 0.420848
0.629725 0.825948 0.419844
0.634681 0.830279 0.418834
0.639735 0.834610 0.417842
0.644895 0.838937 0.416866
0.650187 0.843264 0.415892
0.655603 0.847585 0.414941
0.661151 0.851901 0.414009
0.666842 0.856200 0.413104
0.672692 0.860483 0.412213
0.678680 0.864742 0.411341
0.684831 0.868982 0.410515
0.691137 0.873182 0.409702
0.697607 0.877350 0.408922
0.704236 0.881483 0.408178
0.711022 0.885567 0.407469
0.717955 0.889601 0.406798
0.725038 0.893583 0.406169
0.732260 0.897513 0.405572
0.739616 0.901376 0.405005
0.747090 0.905184 0.404485
0.754686 0.908919 0.404012
0.762378 0.912595 0.403574
0.770173 0.916201 0.403168
0.778055 0.919746 0.402796
0.786012 0.923226 0.402459
0.794034 0.926637 0.402157
0.802106 0.929992 0.401890
0.810230 0.933282 0.401656
0.818395 0.936527 0.401452
0.826599 0.939711 0.401272
0.834823 0.942847 0.401115
0.843067 0.945933 0.400978
0.851325 0.948981 0.400859
0.859601 0.951989 0.400755
0.867883 0.954967 0.400665
0.876163 0.957911 0.400588
0.884451 0.960825 0.400522
0.892736 0.963712 0.400466
0.901018 0.966580 0.400418
0.909297 0.969428 0.400377
0.917577 0.972263 0.400342
0.925845 0.975074 0.400311
0.934106 0.977879 0.400283
0.942371 0.980672 0.400258
0.950623 0.983452 0.400235
0.958870 0.986227 0.400212
0.967110 0.988992 0.400190
0.975342 0.991749 0.400168
0.983572 0.994500 0.400145
0.991797 0.997245 0.400120
1.000000 0.999989 0.400094
