0.900189 0.899861 0.999910
0.889566 0.892099 0.993603
0.878953 0.884347 0.987302
0.868359 0.876601 0.981004
0.857763 0.868878 0.974712
0.847185 0.861153 0.968432
0.836622 0.853442 0.962151
0.826067 0.845744 0.955885
0.815527 0.838058 0.949616
0.804995 0.830379 0.943360
0.794480 0.822709 0.937108
0.783978 0.815046 0.930860
0.773479 0.807397 0.924615
0.763000 0.799757 0.918383
0.752533 0.792119 0.912155
0.742084 0.784498 0.905935
0.731644 0.776881 0.899718
0.721215 0.769266 0.893503
0.710809 0.761666 0.887299
0.700409 0.754078 0.881101
0.690025 0.746491 0.874907
0.679651 0.738918 0.868725
0.669302 0.731342 0.862543
0.658955 0.723779 0.856362
0.648633 0.716230 0.850191
0.638322 0.708681 0.844023
0.628028 0.701134 0.837867
0.617742 0.693596 0.831712
0.607485 0.686068 0.825554
0.597232 0.678543 0.819405
0.586992 0.671026 0.813262
0.576782 0.663517 0.807126
0.566578 0.656008 0.800984
0.556385 0.648497 0.794848
0.546228 0.640996 0.788715
0.536069 0.633505 0.782576
0.525939 0.626009 0.776442
0.515812 0.618525 0.770300
0.505713 0.611036 0.764156
0.495640 0.603550 0.758010
0.485578 0.596061 0.751854
0.475549 0.588571 0.745683
0.465515 0.581090 0.739511
0.455525 0.573605 0.733311
0.445541 0.566115 0.727095
0.435599 0.558617 0.720857
0.425663 0.551128 0.714594
0.415758 0.543626 0.708306
0.405889 0.536117 0.701972
0.396038 0.528608 0.695609
0.386210 0.521079 0.689196
0.376445 0.513550 0.682723
0.366697 0.505997 0.676200
0.356996 0.498459 0.669613
0.347337 0.490897 0.662954
0.337716 0.483307 0.656217
0.328160 0.475729 0.649396
0.318668 0.468123 0.642483
0.309255 0.460512 0.635472
0.299890 0.452908 0.628370
0.290617 0.445278 0.621151
0.281447 0.437660 0.613817
0.272370 0.430022 0.606378
0.263441 0.422383 0.598818
0.254615 0.414765 0.591136
0.245901 0.407149 0.583330
0.237395 0.399538 0.575409
0.229005 0.391964 0.567363
0.220823 0.384400 0.559193
0.212785 0.376881 0.550915
0.204986 0.369380 0.542527
0.197398 0.361932 0.534022
0.190025 0.354527 0.525432
0.182883 0.347177 0.516745
0.175986 0.339880 0.507979
0.169405 0.332652 0.499123
0.163018 0.325463 0.490212
0.156892 0.318380 0.481236
0.151033 0.311359 0.472224
0.145489 0.304417 0.463150
0.140119 0.297561 0.454069
0.135086 0.290779 0.444957
0.130301 0.284081 0.435829
0.125720 0.277480 0.426689
0.121349 0.270955 0.417558
0.117272 0.264499 0.408424
0.113454 0.258125 0.399300
0.109812 0.251863 0.390206
0.106347 0.245635 0.381146
0.103060 0.239524 0.372084
0.099941 0.233452 0.363071
0.097002 0.227498 0.354090
0.094303 0.221585 0.345152
0.091713 0.215765 0.336241
0.089220 0.209990 0.327381
0.086919 0.204320 0.318574
0.084717 0.198665 0.309818
0.082644 0.193130 0.301083
0.080696 0.187678 0.292428
0.078849 0.182228 0.283823
0.077157 0.176916 0.275288
0.075616 0.171664 0.266794
0.074219 0.166513 0.258378
0.072907 0.161458 0.250025
0.071722 0.156473 0.241783
0.070637 0.151563 0.233580
0.069756 0.146794 0.225510
0.068993 0.142166 0.217520
0.068301 0.137671 0.209631
0.067772 0.133277 0.201857
0.067395 0.129033 0.194266
0.067165 0.124992 0.186755
0.067086 0.121104 0.179430
0.067160 0.117451 0.172274
0.067390 0.114004 0.165299
0.067779 0.110819 0.158597
0.068337 0.107814 0.152047
0.069084 0.105099 0.145817
0.069909 0.102723 0.139760
0.070958 0.100592 0.134094
0.072150 0.098812 0.128661
0.073639 0.097347 0.123558
0.075176 0.096199 0.118865
0.076956 0.095493 0.114423
0.078977 0.095119 0.110470
0.081272 0.095095 0.106845
0.083730 0.095427 0.103582
0.086376 0.096100 0.100686
0.089318 0.097212 0.098263
0.092445 0.098697 0.096142
0.095823 0.100505 0.094539
0.099434 0.102701 0.093176
0.103310 0.105184 0.092312
0.107364 0.108025 0.091807
0.111654 0.111223 0.091623
0.116151 0.114606 0.091779
0.120792 0.118393 0.092234
0.125719 0.122302 0.092972
0.130787 0.126550 0.094115
0.135958 0.131009 0.095480
0.141394 0.135613 0.097052
0.146892 0.140470 0.098938
0.152548 0.145497 0.101011
0.158368 0.150621 0.103339
0.164272 0.155943 0.105803
0.170257 0.161380 0.108413
0.176329 0.166923 0.111276
0.182523 0.172555 0.114186
0.188816 0.178342 0.117282
0.195154 0.184162 0.120489
0.201548 0.190090 0.123805
0.208045 0.196108 0.127227
0.214579 0.202159 0.130786
0.221190 0.208309 0.134376
0.227833 0.214504 0.138047
0.234536 0.220778 0.141766
0.241266 0.227065 0.145586
0.248069 0.233392 0.149424
0.254900 0.239804 0.153297
0.261757 0.246236 0.157255
0.268677 0.252729 0.161289
0.275633 0.259257 0.165278
0.282617 0.265805 0.169406
0.289627 0.272376 0.173485
0.296686 0.279024 0.177659
0.303762 0.285659 0.181789
0.310901 0.292361 0.186028
0.318044 0.299092 0.190235
0.325218 0.305851 0.194519
0.332455 0.312608 0.198762
0.339697 0.319431 0.203077
0.346968 0.326257 0.207414
0.354262 0.333145 0.211774
0.361596 0.340036 0.216151
0.368956 0.346959 0.220548
0.376347 0.353895 0.224926
0.383756 0.360868 0.229378
0.391202 0.367878 0.233842
0.398665 0.374914 0.238334
0.406169 0.381971 0.242847
0.413690 0.389069 0.247406
0.421235 0.396183 0.251983
0.428823 0.403333 0.256575
0.436435 0.410515 0.261217
0.444075 0.417717 0.265900
0.451740 0.424960 0.270622
0.459434 0.432239 0.275376
0.467160 0.439537 0.280167
0.474917 0.446881 0.285022
0.482693 0.454266 0.289945
0.490514 0.461684 0.294921
0.498362 0.469148 0.299976
0.506224 0.476641 0.305103
0.514144 0.484179 0.310313
0.522069 0.491780 0.315599
0.530047 0.499401 0.320981
0.538052 0.507086 0.326450
0.546081 0.514818 0.332058
0.554135 0.522592 0.337758
0.562228 0.530422 0.343588
0.570328 0.538305 0.349550
0.578467 0.546231 0.355650
0.586629 0.554201 0.361878
0.594808 0.562231 0.368255
0.603006 0.570291 0.374784
0.611219 0.578409 0.381472
0.619443 0.586573 0.388311
0.627665 0.594776 0.395318
0.635895 0.603019 0.402474
0.644118 0.611300 0.409814
0.652344 0.619613 0.417306
0.660554 0.627951 0.424956
0.668758 0.636318 0.432767
0.676941 0.644698 0.440723
0.685097 0.653103 0.448854
0.693233 0.661533 0.457111
0.701335 0.669969 0.465515
0.709415 0.678406 0.474067
0.717459 0.686852 0.482744
0.725466 0.695303 0.491555
0.733433 0.703753 0.500462
0.741362 0.712200 0.509495
0.749258 0.720646 0.518636
0.757122 0.729089 0.527860
0.764948 0.737525 0.537193
0.772731 0.745956 0.546601
0.780486 0.754385 0.556076
0.788209 0.762798 0.565640
0.795900 0.771218 0.575274
0.803565 0.779622 0.584971
0.811206 0.788027 0.594717
0.818817 0.796429 0.604527
0.826418 0.804832 0.614373
0.833999 0.813229 0.624283
0.841560 0.821635 0.634230
0.849111 0.830038 0.644206
0.856649 0.838441 0.654232
0.864185 0.846850 0.664291
0.871711 0.855273 0.674383
0.879228 0.863697 0.684503
0.886752 0.872128 0.694657
0.894271 0.880564 0.704844
0.901787 0.889017 0.715054
0.909306 0.897479 0.725296
0.916831 0.905950 0.735553
0.924353 0.914433 0.745841
0.931882 0.922928 0.756154
0.939418 0.931435 0.766489
0.946956 0.939960 0.776853
0.954500 0.948492 0.787233
0.962044 0.957040 0.797634
0.969600 0.965602 0.808063
0.977160 0.974180 0.818508
0.984728 0.982774 0.828985
0.992296 0.991379 0.839477
0.999870 0.999998 0.849990
