0.999995 0.999995 0.999995
0.995537 0.995537 0.995537
0.991088 0.991088 0.991088
0.986642 0.986642 0.986642
0.982198 0.982198 0.982198
0.977754 0.977754 0.977754
0.973319 0.973319 0.973319
0.968884 0.968884 0.968884
0.964453 0.964453 0.964453
0.960031 0.960031 0.960031
0.955611 0.955611 0.955611
0.951192 0.951192 0.951192
0.946776 0.946776 0.946776
0.942369 0.942369 0.942369
0.937960 0.937960 0.937960
0.933554 0.933554 0.933554
0.929156 0.929156 0.929156
0.924761 0.924761 0.924761
0.920371 0.920371 0.920371
0.915983 0.915983 0.915983
0.911603 0.911603 0.911603
0.907227 0.907227 0.907227
0.902852 0.902852 0.902852
0.898477 0.898477 0.898477
0.894113 0.894113 0.894113
0.889748 0.889748 0.889748
0.885390 0.885390 0.885390
0.881035 0.881035 0.881035
0.876680 0.876680 0.876680
0.872339 0.872339 0.872339
0.867998 0.867998 0.867998
0.863659 0.863659 0.863659
0.859321 0.859321 0.859321
0.854993 0.854993 0.854993
0.850662 0.850662 0.850662
0.846339 0.846339 0.846339
0.842027 0.842027 0.842027
0.837713 0.837713 0.837713
0.833401 0.833401 0.833401
0.829099 0.829099 0.829099
0.824791 0.824791 0.824791
0.820494 0.820494 0.820494
0.816207 0.816207 0.816207
0.811915 0.811915 0.811915
0.807631 0.807631 0.807631
0.803349 0.803349 0.803349
0.799077 0.799077 0.799077
0.794803 0.794803 0.794803
0.790534 0.790534 0.790534
0.786276 0.786276 0.786276
0.782017 0.782017 0.782017
0.777762 0.777762 0.777762
0.773506 0.773506 0.773506
0.769260 0.769260 0.769260
0.765025 0.765025 0.765025
0.760787 0.760787 0.760787
0.756553 0.756553 0.756553
0.752323 0.752323 0.752323
0.748104 0.748104 0.748104
0.743882 0.743882 0.743882
0.739673 0.739673 0.739673
0.735456 0.735456 0.735456
0.731248 0.731248 0.731248
0.727048 0.727048 0.727048
0.722849 0.722849 0.722849
0.718658 0.718658 0.718658
0.714468 0.714468 0.714468
0.710290 0.710290 0.710290
0.706113 0.706113 0.706113
0.701932 0.701932 0.701932
0.697764 0.697764 0.697764
0.693600 0.693600 0.693600
0.689446 0.689446 0.689446
0.685288 0.685288 0.685288
0.681130 0.681130 0.681130
0.676993 0.676993 0.676993
0.672851 0.672851 0.672851
0.668712 0.668712 0.668712
0.664575 0.664575 0.664575
0.660448 0.660448 0.660448
0.656333 0.656333 0.656333
0.652211 0.652211 0.652211
0.648093 0.648093 0.648093
0.643985 0.643985 0.643985
0.639888 0.639888 0.639888
0.635786 0.635786 0.635786
0.631694 0.631694 0.631694
0.627604 0.627604 0.627604
0.623525 0.623525 0.623525
0.619446 0.619446 0.619446
0.615363 0.615363 0.615363
0.611300 0.611300 0.611300
0.607239 0.607239 0.607239
0.603175 0.603175 0.603175
0.599122 0.599122 0.599122
0.595068 0.595068 0.595068
0.591024 0.591024 0.591024
0.586984 0.586984 0.586984
0.582949 0.582949 0.582949
0.578924 0.578924 0.578924
0.574895 0.574895 0.574895
0.570877 0.570877 0.570877
0.566872 0.566872 0.566872
0.562864 0.562864 0.562864
0.558851 0.558851 0.558851
0.554858 0.554858 0.554858
0.550866 0.550866 0.550866
0.546880 0.546880 0.546880
0.542899 0.542899 0.542899
0.538921 0.538921 0.538921
0.534946 0.534946 0.534946
0.530981 0.530981 0.530981
0.527025 0.527025 0.527025
0.523068 0.523068 0.523068
0.519119 0.519119 0.519119
0.515167 0.515167 0.515167
0.511226 0.511226 0.511226
0.507296 0.507296 0.507296
0.503361 0.503361 0.503361
0.499439 0.499439 0.499439
0.495526 0.495526 0.495526
0.491625 0.491625 0.491625
0.487717 0.487717 0.487717
0.483804 0.483804 0.483804
0.479919 0.479919 0.479919
0.476028 0.476028 0.476028
0.472147 0.472147 0.472147
0.468260 0.468260 0.468260
0.464402 0.464402 0.464402
0.460518 0.460518 0.460518
0.456663 0.456663 0.456663
0.452816 0.452816 0.452816
0.448967 0.448967 0.448967
0.445120 0.445120 0.445120
0.441280 0.441280 0.441280
0.437458 0.437458 0.437458
0.433617 0.433617 0.433617
0.429806 0.429806 0.429806
0.425988 0.425988 0.425988
0.422177 0.422177 0.422177
0.418377 0.418377 0.418377
0.414588 0.414588 0.414588
0.410806 0.410806 0.410806
0.407017 0.407017 0.407017
0.403244 0.403244 0.403244
0.399461 0.399461 0.399461
0.395712 0.395712 0.395712
0.391949 0.391949 0.391949
0.388196 0.388196 0.388196
0.384448 0.384448 0.384448
0.380720 0.380720 0.380720
0.376987 0.376987 0.376987
0.373253 0.373253 0.373253
0.369534 0.369534 0.369534
0.365826 0.365826 0.365826
0.362122 0.362122 0.362122
0.358414 0.358414 0.358414
0.354736 0.354736 0.354736
0.351046 0.351046 0.351046
0.347368 0.347368 0.347368
0.343682 0.343682 0.343682
0.340026 0.340026 0.340026
0.336354 0.336354 0.336354
0.332720 0.332720 0.332720
0.329072 0.329072 0.329072
0.325412 0.325412 0.325412
0.321786 0.321786 0.321786
0.318165 0.318165 0.318165
0.314539 0.314539 0.314539
0.310945 0.310945 0.310945
0.307325 0.307325 0.307325
0.303728 0.303728 0.303728
0.300142 0.300142 0.300142
0.296568 0.296568 0.296568
0.292982 0.292982 0.292982
0.289427 0.289427 0.289427
0.285847 0.285847 0.285847
0.282321 0.282321 0.282321
0.278770 0.278770 0.278770
0.275230 0.275230 0.275230
0.271680 0.271680 0.271680
0.268164 0.268164 0.268164
0.264651 0.264651 0.264651
0.261150 0.261150 0.261150
0.257645 0.257645 0.257645
0.254166 0.254166 0.254166
0.250670 0.250670 0.250670
0.247200 0.247200 0.247200
0.243717 0.243717 0.243717
0.240256 0.240256 0.240256
0.236837 0.236837 0.236837
0.233358 0.233358 0.233358
0.229920 0.229920 0.229920
0.226524 0.226524 0.226524
0.223105 0.223105 0.223105
0.219690 0.219690 0.219690
0.216301 0.216301 0.216301
0.212876 0.212876 0.212876
0.209498 0.209498 0.209498
0.206146 0.206146 0.206146
0.202750 0.202750 0.202750
0.199379 0.199379 0.199379
0.196056 0.196056 0.196056
0.192705 0.192705 0.192705
0.189375 0.189375 0.189375
0.186067 0.186067 0.186067
0.182722 0.182722 0.182722
0.179431 0.179431 0.179431
0.176112 0.176112 0.176112
0.172845 0.172845 0.172845
0.169598 0.169598 0.169598
0.166308 0.166308 0.166308
0.163067 0.163067 0.163067
0.159779 0.159779 0.159779
0.156584 0.156584 0.156584
0.153322 0.153322 0.153322
0.150137 0.150137 0.150137
0.146903 0.146903 0.146903
0.143723 0.143723 0.143723
0.140541 0.140541 0.140541
0.137370 0.137370 0.137370
0.134203 0.134204 0.134204
0.131045 0.131045 0.131045
0.127892 0.127892 0.127892
0.124733 0.124733 0.124733
0.121589 0.121590 0.121590
0.118541 0.118541 0.118541
0.115402 0.115403 0.115403
0.112340 0.112340 0.112340
0.109266 0.109267 0.109267
0.106202 0.106203 0.106203
0.103134 0.103135 0.103135
0.100056 0.100057 0.100057
0.097002 0.097004 0.097003
0.094024 0.094026 0.094026
0.091021 0.091024 0.091023
0.087931 0.087933 0.087932
0.084744 0.084745 0.084745
0.081468 0.081470 0.081469
0.077984 0.077985 0.077985
0.074504 0.074505 0.074505
0.070845 0.070846 0.070846
0.067013 0.067014 0.067014
0.063057 0.063057 0.063057
0.058816 0.058816 0.058816
0.054339 0.054339 0.054339
0.049710 0.049710 0.049710
0.044716 0.044716 0.044716
0.039330 0.039331 0.039330
0.033552 0.033552 0.033552
0.028009 0.028009 0.028009
0.022447 0.022447 0.022447
0.016884 0.016884 0.016884
0.011219 0.011219 0.011219
0.005564 0.005564 0.005564
0.000001 0.000001 0.000001
