0.018013 0.350759 0.550621
0.025926 0.351768 0.549169
0.033826 0.352811 0.547716
0.042005 0.353841 0.546281
0.049338 0.354908 0.544840
0.056017 0.355959 0.543414
0.062265 0.357028 0.541994
0.068128 0.358100 0.540593
0.073701 0.359182 0.539198
0.078892 0.360282 0.537826
0.084046 0.361406 0.536460
0.088911 0.362538 0.535106
0.093625 0.363683 0.533770
0.098277 0.364850 0.532469
0.102767 0.366043 0.531173
0.107196 0.367238 0.529904
0.111530 0.368473 0.528660
0.115796 0.369711 0.527433
0.119983 0.370978 0.526240
0.124153 0.372273 0.525066
0.128323 0.373600 0.523925
0.132437 0.374944 0.522816
0.136500 0.376327 0.521730
0.140616 0.377721 0.520689
0.144686 0.379151 0.519678
0.148719 0.380620 0.518714
0.152787 0.382103 0.517778
0.156880 0.383639 0.516880
0.160967 0.385187 0.516015
0.165034 0.386780 0.515209
0.169188 0.388418 0.514450
0.173284 0.390074 0.513728
0.177458 0.391784 0.513049
0.181592 0.393517 0.512422
0.185830 0.395300 0.511845
0.190026 0.397104 0.511321
0.194305 0.398958 0.510850
0.198549 0.400868 0.510433
0.202868 0.402785 0.510071
0.207227 0.404752 0.509765
0.211608 0.406770 0.509516
0.216023 0.408819 0.509326
0.220468 0.410915 0.509193
0.224906 0.413048 0.509120
0.229427 0.415209 0.509106
0.233980 0.417425 0.509152
0.238555 0.419670 0.509259
0.243169 0.421944 0.509426
0.247844 0.424274 0.509654
0.252519 0.426636 0.509944
0.257235 0.429035 0.510295
0.261980 0.431476 0.510707
0.266757 0.433929 0.511179
0.271562 0.436442 0.511713
0.276427 0.438969 0.512307
0.281279 0.441547 0.512960
0.286174 0.444150 0.513674
0.291121 0.446773 0.514442
0.296067 0.449435 0.515256
0.301040 0.452126 0.516129
0.306067 0.454839 0.517072
0.311084 0.457568 0.518054
0.316136 0.460327 0.519088
0.321195 0.463112 0.520158
0.326271 0.465925 0.521293
0.331376 0.468763 0.522466
0.336503 0.471617 0.523691
0.341646 0.474484 0.524950
0.346799 0.477365 0.526255
0.351949 0.480270 0.527589
0.357142 0.483182 0.528972
0.362317 0.486115 0.530374
0.367501 0.489060 0.531815
0.372703 0.492024 0.533281
0.377914 0.494993 0.534782
0.383132 0.497979 0.536306
0.388342 0.500959 0.537855
0.393557 0.503956 0.539411
0.398777 0.506954 0.540996
0.404000 0.509965 0.542602
0.409218 0.512981 0.544212
0.414432 0.515995 0.545841
0.419650 0.519033 0.547467
0.424857 0.522048 0.549112
0.430056 0.525086 0.550751
0.435257 0.528117 0.552399
0.440432 0.531151 0.554040
0.445604 0.534181 0.555673
0.450777 0.537224 0.557322
0.455926 0.540248 0.558938
0.461063 0.543281 0.560560
0.466184 0.546313 0.562171
0.471298 0.549333 0.563759
0.476382 0.552353 0.565318
0.481447 0.555359 0.566883
0.486494 0.558366 0.568406
0.491529 0.561375 0.569911
0.496511 0.564373 0.571394
0.501497 0.567363 0.572853
0.506434 0.570334 0.574264
0.511351 0.573311 0.575664
0.516233 0.576275 0.577015
0.521092 0.579218 0.578325
0.525913 0.582146 0.579613
0.530693 0.585077 0.580845
0.535431 0.587976 0.582038
0.540137 0.590874 0.583189
0.544802 0.593755 0.584297
0.549422 0.596618 0.585361
0.553992 0.599465 0.586365
0.558512 0.602287 0.587319
0.563002 0.605094 0.588223
0.567427 0.607888 0.589076
0.571798 0.610651 0.589876
0.576130 0.613389 0.590621
0.580390 0.616118 0.591311
0.584599 0.618823 0.591946
0.588745 0.621488 0.592520
0.592850 0.624146 0.593031
0.596881 0.626766 0.593482
0.600848 0.629364 0.593876
0.604762 0.631940 0.594210
0.608614 0.634489 0.594485
0.612386 0.637005 0.594700
0.616108 0.639492 0.594855
0.619766 0.641951 0.594950
0.623353 0.644379 0.594986
0.626869 0.646788 0.594963
0.630330 0.649163 0.594880
0.633720 0.651506 0.594740
0.637043 0.653816 0.594542
0.640302 0.656106 0.594288
0.643489 0.658356 0.593978
0.646622 0.660577 0.593613
0.649688 0.662780 0.593195
0.652681 0.664939 0.592725
0.655625 0.667078 0.592201
0.658498 0.669191 0.591621
0.661315 0.671269 0.590991
0.664071 0.673324 0.590315
0.666762 0.675347 0.589592
0.669407 0.677352 0.588824
0.671988 0.679316 0.588014
0.674515 0.681260 0.587161
0.676996 0.683188 0.586270
0.679411 0.685086 0.585337
0.681782 0.686958 0.584356
0.684106 0.688813 0.583340
0.686388 0.690633 0.582290
0.688623 0.692451 0.581208
0.690803 0.694226 0.580096
0.692958 0.696002 0.578945
0.695057 0.697744 0.577758
0.697123 0.699474 0.576563
0.699151 0.701189 0.575319
0.701148 0.702889 0.574052
0.703111 0.704568 0.572773
0.705037 0.706239 0.571455
0.706939 0.707888 0.570119
0.708812 0.709534 0.568766
0.710652 0.711164 0.567398
0.712465 0.712776 0.566002
0.714262 0.714386 0.564593
0.716043 0.715996 0.563175
0.717795 0.717590 0.561735
0.719530 0.719173 0.560283
0.721243 0.720751 0.558812
0.722948 0.722327 0.557351
0.724644 0.723904 0.555854
0.726322 0.725482 0.554375
0.727989 0.727048 0.552876
0.729654 0.728619 0.551380
0.731305 0.730196 0.549877
0.732960 0.731770 0.548378
0.734608 0.733350 0.546870
0.736247 0.734937 0.545368
0.737894 0.736523 0.543867
0.739553 0.738123 0.542376
0.741196 0.739743 0.540887
0.742865 0.741355 0.539408
0.744528 0.742998 0.537952
0.746207 0.744643 0.536499
0.747902 0.746310 0.535057
0.749600 0.748000 0.533633
0.751333 0.749698 0.532246
0.753066 0.751437 0.530868
0.754839 0.753183 0.529524
0.756623 0.754973 0.528201
0.758441 0.756781 0.526921
0.760284 0.758628 0.525665
0.762160 0.760507 0.524453
0.764075 0.762421 0.523289
0.766029 0.764383 0.522158
0.768018 0.766385 0.521095
0.770058 0.768431 0.520075
0.772146 0.770535 0.519134
0.774281 0.772685 0.518247
0.776480 0.774894 0.517432
0.778729 0.777170 0.516685
0.781043 0.779497 0.516019
0.783422 0.781900 0.515451
0.785872 0.784371 0.514980
0.788391 0.786913 0.514607
0.790986 0.789529 0.514339
0.793667 0.792226 0.514183
0.796417 0.795008 0.514147
0.799266 0.797874 0.514237
0.802191 0.800830 0.514461
0.805212 0.803876 0.514822
0.808328 0.807015 0.515329
0.811535 0.810241 0.515991
0.814834 0.813567 0.516827
0.818231 0.816990 0.517823
0.821730 0.820503 0.518989
0.825314 0.824114 0.520319
0.829003 0.827817 0.521841
0.832774 0.831619 0.523560
0.836643 0.835499 0.525456
0.840597 0.839471 0.527545
0.844633 0.843518 0.529830
0.848747 0.847648 0.532308
0.852937 0.851853 0.534973
0.857192 0.856121 0.537842
0.861512 0.860452 0.540887
0.865887 0.864832 0.544128
0.870305 0.869266 0.547548
0.874771 0.873734 0.551151
0.879265 0.878238 0.554923
0.883790 0.882761 0.558857
0.888327 0.887307 0.562964
0.892874 0.891864 0.567211
0.897426 0.896421 0.571595
0.901967 0.900970 0.576130
0.906500 0.905515 0.580769
0.911012 0.910036 0.585540
0.915496 0.914534 0.590402
0.919957 0.919001 0.595373
0.924378 0.923444 0.600430
0.928760 0.927840 0.605563
0.933100 0.932200 0.610780
0.937399 0.936525 0.616050
0.941643 0.940794 0.621377
0.945841 0.945023 0.626756
0.949988 0.949200 0.632179
0.954086 0.953337 0.637637
0.958134 0.957421 0.643125
0.962126 0.961461 0.648644
0.966076 0.965459 0.654183
0.969980 0.969417 0.659744
0.973841 0.973336 0.665317
0.977661 0.977216 0.670909
0.981443 0.981063 0.676508
0.985190 0.984882 0.682110
0.988902 0.988667 0.687731
0.992589 0.992433 0.693355
0.996243 0.996171 0.698978
