0.003670 0.005082 0.002454
0.005663 0.009394 0.010695
0.007674 0.013900 0.019154
0.009708 0.018228 0.027418
0.011981 0.022573 0.035904
0.014040 0.026935 0.043975
0.016150 0.031315 0.051380
0.018294 0.035927 0.058123
0.020473 0.040333 0.064433
0.022689 0.044608 0.070257
0.024947 0.048672 0.075728
0.027247 0.052453 0.080952
0.029592 0.056240 0.085837
0.031984 0.059842 0.090619
0.034477 0.063258 0.095163
0.037057 0.066553 0.099530
0.039346 0.069830 0.103998
0.041492 0.072993 0.108476
0.043238 0.076022 0.113097
0.045051 0.079044 0.117653
0.046508 0.082102 0.122270
0.047784 0.084964 0.126972
0.049035 0.087853 0.131740
0.049925 0.090660 0.136487
0.050671 0.093388 0.141349
0.051245 0.096126 0.146191
0.051698 0.098921 0.151077
0.052160 0.101711 0.156035
0.052632 0.104509 0.160983
0.053115 0.107415 0.165953
0.053612 0.110322 0.170991
0.054125 0.113245 0.176024
0.054655 0.116178 0.181122
0.055201 0.119133 0.186266
0.055777 0.122093 0.191399
0.056384 0.125156 0.196606
0.056955 0.128228 0.201777
0.057498 0.131313 0.207043
0.058136 0.134437 0.212303
0.058867 0.137574 0.217588
0.059601 0.140732 0.222913
0.060281 0.143906 0.228260
0.060943 0.147106 0.233599
0.061699 0.150350 0.239005
0.062585 0.153583 0.244413
0.063381 0.156880 0.249856
0.064199 0.160147 0.255349
0.065067 0.163520 0.260829
0.065965 0.166855 0.266348
0.066906 0.170203 0.271861
0.067880 0.173572 0.277439
0.068913 0.176975 0.283021
0.069887 0.180377 0.288612
0.070924 0.183813 0.294223
0.071974 0.187281 0.299872
0.073118 0.190723 0.305543
0.074222 0.194231 0.311213
0.075341 0.197696 0.316910
0.076503 0.201186 0.322635
0.077709 0.204732 0.328362
0.078959 0.208256 0.334122
0.080255 0.211814 0.339892
0.081609 0.215346 0.345666
0.082887 0.218921 0.351475
0.084299 0.222494 0.357309
0.085598 0.226090 0.363130
0.087109 0.229650 0.368992
0.088529 0.233252 0.374856
0.090015 0.236896 0.380747
0.091564 0.240476 0.386631
0.093033 0.244102 0.392550
0.094704 0.247758 0.398482
0.096248 0.251395 0.404418
0.097979 0.255039 0.410388
0.099642 0.258672 0.416349
0.101383 0.262321 0.422323
0.103203 0.265984 0.428328
0.104971 0.269647 0.434331
0.106919 0.273308 0.440353
0.108794 0.276974 0.446386
0.110796 0.280624 0.452440
0.112829 0.284309 0.458486
0.114836 0.287988 0.464562
0.116986 0.291687 0.470635
0.119188 0.295360 0.476721
0.121396 0.299066 0.482819
0.123708 0.302746 0.488929
0.126126 0.306472 0.495056
0.128541 0.310183 0.501188
0.131066 0.313894 0.507327
0.133637 0.317616 0.513482
0.136253 0.321349 0.519640
0.138999 0.325090 0.525817
0.141836 0.328866 0.532002
0.144744 0.332645 0.538202
0.147724 0.336417 0.544400
0.150788 0.340235 0.550616
0.153954 0.344049 0.556846
0.157229 0.347914 0.563083
0.160607 0.351779 0.569319
0.164133 0.355699 0.575583
0.167706 0.359624 0.581840
0.171419 0.363587 0.588109
0.175265 0.367587 0.594392
0.179226 0.371629 0.600674
0.183305 0.375718 0.606966
0.187565 0.379846 0.613242
0.191894 0.384020 0.619535
0.196417 0.388241 0.625804
0.201015 0.392511 0.632072
0.205827 0.396829 0.638320
0.210739 0.401218 0.644544
0.215817 0.405646 0.650748
0.221030 0.410127 0.656915
0.226372 0.414649 0.663036
0.231855 0.419234 0.669101
0.237474 0.423854 0.675105
0.243180 0.428532 0.681034
0.249055 0.433240 0.686890
0.255036 0.437998 0.692653
0.261091 0.442773 0.698295
0.267239 0.447563 0.703833
0.273508 0.452398 0.709242
0.279816 0.457215 0.714499
0.286168 0.462049 0.719619
0.292592 0.466879 0.724569
0.299049 0.471693 0.729348
0.305518 0.476477 0.733948
0.311961 0.481232 0.738357
0.318440 0.485956 0.742578
0.324876 0.490646 0.746591
0.331288 0.495266 0.750405
0.337672 0.499827 0.754012
0.343988 0.504348 0.757409
0.350272 0.508784 0.760601
0.356473 0.513144 0.763584
0.362597 0.517441 0.766369
0.368662 0.521642 0.768950
0.374638 0.525784 0.771348
0.380536 0.529840 0.773546
0.386338 0.533807 0.775571
0.392078 0.537716 0.777427
0.397732 0.541523 0.779108
0.403303 0.545276 0.780636
0.408790 0.548951 0.782021
0.414204 0.552548 0.783260
0.419551 0.556072 0.784376
0.424823 0.559551 0.785364
0.430026 0.562964 0.786243
0.435177 0.566313 0.787016
0.440255 0.569607 0.787687
0.445286 0.572867 0.788275
0.450272 0.576076 0.788785
0.455212 0.579234 0.789218
0.460098 0.582352 0.789582
0.464961 0.585451 0.789885
0.469792 0.588497 0.790134
0.474582 0.591534 0.790333
0.479345 0.594535 0.790488
0.484077 0.597517 0.790604
0.488801 0.600474 0.790685
0.493499 0.603420 0.790734
0.498197 0.606341 0.790756
0.502852 0.609260 0.790754
0.507519 0.612153 0.790731
0.512164 0.615042 0.790690
0.516809 0.617927 0.790634
0.521439 0.620809 0.790566
0.526076 0.623681 0.790487
0.530700 0.626540 0.790399
0.535321 0.629403 0.790306
0.539944 0.632270 0.790209
0.544573 0.635131 0.790109
0.549202 0.637997 0.790009
0.553824 0.640861 0.789910
0.558450 0.643730 0.789815
0.563097 0.646609 0.789724
0.567734 0.649493 0.789639
0.572383 0.652376 0.789563
0.577037 0.655270 0.789496
0.581693 0.658180 0.789442
0.586368 0.661093 0.789401
0.591047 0.664026 0.789377
0.595739 0.666964 0.789370
0.600443 0.669929 0.789384
0.605160 0.672904 0.789420
0.609892 0.675894 0.789482
0.614636 0.678906 0.789572
0.619411 0.681941 0.789692
0.624191 0.685007 0.789847
0.628990 0.688096 0.790038
0.633816 0.691207 0.790270
0.638657 0.694353 0.790546
0.643523 0.697537 0.790870
0.648417 0.700758 0.791244
0.653336 0.704011 0.791674
0.658290 0.707307 0.792164
0.663273 0.710647 0.792717
0.668281 0.714028 0.793339
0.673322 0.717468 0.794031
0.678397 0.720943 0.794794
0.683508 0.724484 0.795640
0.688662 0.728074 0.796572
0.693840 0.731726 0.797595
0.699066 0.735437 0.798713
0.704334 0.739216 0.799930
0.709643 0.743052 0.801241
0.714987 0.746954 0.802662
0.720376 0.750930 0.804198
0.725811 0.754971 0.805841
0.731277 0.759079 0.807606
0.736794 0.763263 0.809490
0.742352 0.767519 0.811496
0.747950 0.771854 0.813625
0.753582 0.776256 0.815890
0.759257 0.780731 0.818274
0.764976 0.785284 0.820797
0.770726 0.789903 0.823450
0.776512 0.794598 0.826237
0.782330 0.799364 0.829160
0.788178 0.804194 0.832210
0.794064 0.809095 0.835391
0.799971 0.814056 0.838704
0.805900 0.819083 0.842152
0.811858 0.824176 0.845719
0.817833 0.829331 0.849420
0.823830 0.834537 0.853235
0.829848 0.839800 0.857174
0.835874 0.845109 0.861230
0.841917 0.850469 0.865398
0.847964 0.855881 0.869677
0.854024 0.861331 0.874062
0.860096 0.866825 0.878548
0.866168 0.872362 0.883130
0.872247 0.877930 0.887806
0.878324 0.883534 0.892575
0.884407 0.889169 0.897425
0.890486 0.894836 0.902352
0.896571 0.900524 0.907359
0.902651 0.906243 0.912433
0.908728 0.911983 0.917579
0.914806 0.917749 0.922782
0.920878 0.923531 0.928041
0.926953 0.929328 0.933358
0.933024 0.935148 0.938729
0.939097 0.940984 0.944142
0.945168 0.946835 0.949594
0.951235 0.952699 0.955088
0.957300 0.958578 0.960614
0.963367 0.964462 0.966166
0.969433 0.970364 0.971751
0.975501 0.976274 0.977357
0.981575 0.982200 0.982983
0.987647 0.988127 0.988628
0.993723 0.994068 0.994287
0.999801 1.000000 0.999961
