0.451374 0.223459 0.341871
0.454179 0.222444 0.336099
0.456965 0.221584 0.330428
0.459746 0.220902 0.324834
0.462509 0.220346 0.319346
0.465269 0.219936 0.313938
0.468026 0.219680 0.308619
0.470782 0.219577 0.303367
0.473519 0.219624 0.298218
0.476275 0.219821 0.293158
0.479024 0.220172 0.288184
0.481779 0.220673 0.283304
0.484530 0.221302 0.278502
0.487308 0.222079 0.273790
0.490079 0.223041 0.269167
0.492862 0.224106 0.264606
0.495670 0.225363 0.260159
0.498500 0.226770 0.255786
0.501335 0.228325 0.251528
0.504195 0.229992 0.247331
0.507065 0.231880 0.243220
0.509968 0.233866 0.239229
0.512896 0.236050 0.235334
0.515844 0.238350 0.231514
0.518842 0.240823 0.227787
0.521842 0.243453 0.224136
0.524894 0.246246 0.220647
0.527969 0.249200 0.217203
0.531082 0.252307 0.213873
0.534225 0.255563 0.210643
0.537416 0.258987 0.207528
0.540630 0.262549 0.204524
0.543886 0.266281 0.201585
0.547179 0.270169 0.198791
0.550515 0.274192 0.196132
0.553885 0.278386 0.193559
0.557305 0.282735 0.191089
0.560748 0.287203 0.188770
0.564244 0.291860 0.186548
0.567772 0.296649 0.184461
0.571340 0.301568 0.182483
0.574948 0.306664 0.180655
0.578598 0.311864 0.178977
0.582284 0.317240 0.177430
0.586017 0.322749 0.175966
0.589771 0.328376 0.174730
0.593578 0.334152 0.173585
0.597416 0.340051 0.172608
0.601285 0.346065 0.171791
0.605194 0.352226 0.171139
0.609146 0.358507 0.170652
0.613114 0.364912 0.170337
0.617133 0.371432 0.170196
0.621178 0.378080 0.170234
0.625257 0.384833 0.170456
0.629367 0.391713 0.170869
0.633516 0.398692 0.171480
0.637690 0.405793 0.172295
0.641897 0.412993 0.173322
0.646135 0.420290 0.174579
0.650407 0.427708 0.176000
0.654703 0.435222 0.177736
0.659036 0.442831 0.179619
0.663407 0.450539 0.181754
0.667798 0.458344 0.184159
0.672217 0.466246 0.186797
0.676668 0.474246 0.189683
0.681140 0.482334 0.192826
0.685655 0.490514 0.196242
0.690187 0.498775 0.199872
0.694745 0.507119 0.203841
0.699332 0.515544 0.208030
0.703944 0.524059 0.212508
0.708579 0.532648 0.217265
0.713225 0.541296 0.222288
0.717895 0.550029 0.227610
0.722571 0.558812 0.233180
0.727265 0.567668 0.239068
0.731968 0.576577 0.245213
0.736664 0.585526 0.251677
0.741360 0.594511 0.258373
0.746052 0.603542 0.265369
0.750732 0.612587 0.272630
0.755385 0.621656 0.280165
0.760006 0.630745 0.287962
0.764599 0.639821 0.296021
0.769139 0.648887 0.304326
0.773631 0.657933 0.312873
0.778064 0.666936 0.321653
0.782419 0.675905 0.330656
0.786695 0.684810 0.339884
0.790867 0.693646 0.349292
0.794942 0.702400 0.358881
0.798901 0.711061 0.368667
0.802727 0.719608 0.378588
0.806422 0.728028 0.388664
0.809958 0.736314 0.398854
0.813335 0.744458 0.409164
0.816545 0.752436 0.419568
0.819561 0.760246 0.430039
0.822394 0.767865 0.440566
0.825010 0.775295 0.451146
0.827418 0.782521 0.461742
0.829604 0.789531 0.472346
0.831554 0.796313 0.482931
0.833258 0.802869 0.493494
0.834717 0.809192 0.504023
0.835918 0.815263 0.514486
0.836858 0.821087 0.524871
0.837531 0.826662 0.535170
0.837927 0.831978 0.545375
0.838045 0.837031 0.555455
0.837883 0.841824 0.565417
0.837435 0.846348 0.575250
0.836696 0.850614 0.584935
0.835669 0.854618 0.594457
0.834353 0.858353 0.603824
0.832739 0.861831 0.613005
0.830839 0.865039 0.622016
0.828643 0.867997 0.630853
0.826153 0.870685 0.639486
0.823373 0.873124 0.647922
0.820303 0.875309 0.656171
0.816950 0.877238 0.664202
0.813306 0.878922 0.672031
0.809388 0.880359 0.679644
0.805181 0.881555 0.687053
0.800706 0.882504 0.694237
0.795954 0.883220 0.701215
0.790939 0.883702 0.707970
0.785664 0.883948 0.714502
0.780124 0.883963 0.720819
0.774335 0.883750 0.726915
0.768301 0.883309 0.732792
0.762029 0.882644 0.738441
0.755527 0.881765 0.743873
0.748792 0.880661 0.749079
0.741841 0.879343 0.754074
0.734683 0.877813 0.758841
0.727313 0.876068 0.763388
0.719756 0.874113 0.767719
0.712006 0.871955 0.771837
0.704082 0.869584 0.775732
0.695993 0.867012 0.779414
0.687741 0.864247 0.782882
0.679339 0.861273 0.786143
0.670810 0.858109 0.789187
0.662150 0.854755 0.792019
0.653362 0.851204 0.794649
0.644479 0.847473 0.797069
0.635505 0.843557 0.799296
0.626448 0.839467 0.801310
0.617323 0.835195 0.803130
0.608145 0.830754 0.804757
0.598912 0.826142 0.806190
0.589646 0.821370 0.807431
0.580374 0.816441 0.808484
0.571083 0.811354 0.809355
0.561811 0.806120 0.810038
0.552547 0.800742 0.810547
0.543317 0.795225 0.810885
0.534125 0.789579 0.811051
0.524999 0.783805 0.811048
0.515929 0.777906 0.810881
0.506955 0.771892 0.810554
0.498077 0.765771 0.810073
0.489276 0.759536 0.809444
0.480607 0.753210 0.808662
0.472072 0.746795 0.807735
0.463654 0.740290 0.806671
0.455394 0.733701 0.805462
0.447279 0.727034 0.804130
0.439337 0.720299 0.802661
0.431578 0.713497 0.801070
0.423976 0.706638 0.799360
0.416583 0.699711 0.797521
0.409380 0.692747 0.795570
0.402372 0.685723 0.793511
0.395598 0.678655 0.791330
0.389026 0.671549 0.789048
0.382671 0.664406 0.786657
0.376562 0.657236 0.784158
0.370660 0.650026 0.781553
0.365016 0.642789 0.778844
0.359615 0.635525 0.776036
0.354461 0.628244 0.773123
0.349553 0.620936 0.770113
0.344901 0.613599 0.766998
0.340512 0.606253 0.763782
0.336374 0.598893 0.760465
0.332529 0.591514 0.757040
0.328930 0.584115 0.753510
0.325587 0.576714 0.749871
0.322555 0.569280 0.746129
0.319777 0.561855 0.742275
0.317272 0.554406 0.738302
0.315046 0.546949 0.734221
0.313109 0.539477 0.730018
0.311441 0.532009 0.725695
0.310071 0.524525 0.721239
0.308966 0.517042 0.716673
0.308112 0.509546 0.711966
0.307548 0.502054 0.707132
0.307260 0.494561 0.702158
0.307234 0.487065 0.697056
0.307463 0.479578 0.691816
0.307949 0.472098 0.686432
0.308702 0.464628 0.680904
0.309677 0.457161 0.675245
0.310879 0.449728 0.669443
0.312279 0.442319 0.663499
0.313934 0.434930 0.657412
0.315778 0.427577 0.651184
0.317795 0.420253 0.644817
0.320009 0.412992 0.638326
0.322377 0.405774 0.631704
0.324886 0.398606 0.624954
0.327554 0.391516 0.618086
0.330353 0.384484 0.611110
0.333270 0.377545 0.604024
0.336267 0.370682 0.596835
0.339387 0.363923 0.589549
0.342566 0.357280 0.582191
0.345800 0.350728 0.574756
0.349117 0.344276 0.567267
0.352467 0.337970 0.559714
0.355866 0.331794 0.552120
0.359272 0.325743 0.544484
0.362710 0.319862 0.536836
0.366167 0.314106 0.529165
0.369611 0.308515 0.521481
0.373061 0.303063 0.513821
0.376517 0.297796 0.506155
0.379939 0.292691 0.498537
0.383360 0.287752 0.490941
0.386740 0.283009 0.483366
0.390111 0.278418 0.475862
0.393460 0.274009 0.468397
0.396772 0.269784 0.460998
0.400064 0.265728 0.453665
0.403326 0.261851 0.446404
0.406547 0.258146 0.439213
0.409741 0.254658 0.432120
0.412905 0.251321 0.425087
0.416023 0.248166 0.418135
0.419122 0.245150 0.411283
0.422176 0.242352 0.404511
0.425224 0.239720 0.397844
0.428226 0.237276 0.391261
0.431207 0.234977 0.384755
0.434145 0.232820 0.378357
0.437082 0.230864 0.372040
0.439979 0.229066 0.365832
0.442860 0.227428 0.359703
0.445706 0.225957 0.353661
0.448555 0.224596 0.347728
