0.870438 0.849775 0.999921
0.859835 0.842322 0.995324
0.849229 0.834876 0.990733
0.838624 0.827441 0.986142
0.828027 0.820014 0.981551
0.817436 0.812600 0.976960
0.806854 0.805195 0.972375
0.796269 0.797798 0.967789
0.785701 0.790410 0.963202
0.775131 0.783029 0.958622
0.764578 0.775657 0.954040
0.754030 0.768289 0.949459
0.743492 0.760936 0.944885
0.732962 0.753582 0.940310
0.722437 0.746238 0.935735
0.711933 0.738905 0.931162
0.701432 0.731568 0.926589
0.690943 0.724242 0.922023
0.680467 0.716925 0.917454
0.670014 0.709606 0.912880
0.659557 0.702288 0.908309
0.649120 0.694978 0.903731
0.638686 0.687673 0.899152
0.628272 0.680360 0.894565
0.617857 0.673063 0.889964
0.607467 0.665752 0.885354
0.597075 0.658440 0.880724
0.586690 0.651127 0.876076
0.576326 0.643799 0.871400
0.565949 0.636475 0.866687
0.555583 0.629124 0.861940
0.545234 0.621759 0.857135
0.534879 0.614380 0.852281
0.524528 0.606989 0.847345
0.514186 0.599559 0.842341
0.503834 0.592104 0.837236
0.493485 0.584607 0.832024
0.483146 0.577079 0.826688
0.472813 0.569503 0.821214
0.462489 0.561900 0.815589
0.452196 0.554237 0.809792
0.441911 0.546534 0.803812
0.431658 0.538778 0.797628
0.421427 0.530971 0.791233
0.411272 0.523126 0.784614
0.401187 0.515228 0.777750
0.391176 0.507302 0.770637
0.381268 0.499335 0.763268
0.371464 0.491365 0.755647
0.361828 0.483348 0.747766
0.352332 0.475354 0.739628
0.343040 0.467348 0.731226
0.333935 0.459362 0.722590
0.325039 0.451404 0.713726
0.316415 0.443488 0.704640
0.308015 0.435626 0.695353
0.299908 0.427822 0.685882
0.292072 0.420088 0.676244
0.284509 0.412447 0.666456
0.277258 0.404874 0.656555
0.270288 0.397413 0.646536
0.263592 0.390042 0.636438
0.257162 0.382785 0.626261
0.251007 0.375620 0.616039
0.245081 0.368571 0.605774
0.239433 0.361610 0.595496
0.233979 0.354757 0.585210
0.228757 0.347985 0.574907
0.223689 0.341308 0.564626
0.218814 0.334729 0.554362
0.214087 0.328204 0.544114
0.209485 0.321765 0.533889
0.205018 0.315407 0.523710
0.200637 0.309117 0.513557
0.196412 0.302848 0.503430
0.192207 0.296679 0.493351
0.188129 0.290528 0.483311
0.184055 0.284439 0.473307
0.180064 0.278405 0.463347
0.176110 0.272383 0.453433
0.172237 0.266433 0.443561
0.168388 0.260500 0.433714
0.164586 0.254619 0.423924
0.160797 0.248756 0.414177
0.157046 0.242904 0.404464
0.153319 0.237142 0.394804
0.149673 0.231371 0.385179
0.146008 0.225637 0.375606
0.142376 0.219944 0.366086
0.138777 0.214278 0.356603
0.135230 0.208646 0.347169
0.131711 0.203058 0.337770
0.128229 0.197514 0.328435
0.124761 0.192003 0.319147
0.121343 0.186546 0.309922
0.118042 0.181118 0.300724
0.114684 0.175752 0.291618
0.111494 0.170467 0.282561
0.108251 0.165194 0.273558
0.105123 0.160006 0.264610
0.102084 0.154917 0.255747
0.099092 0.149907 0.246959
0.096147 0.144956 0.238246
0.093305 0.140051 0.229611
0.090594 0.135308 0.221110
0.087928 0.130681 0.212658
0.085292 0.126138 0.204357
0.082823 0.121681 0.196143
0.080421 0.117440 0.188082
0.078086 0.113389 0.180114
0.075905 0.109466 0.172337
0.073885 0.105686 0.164736
0.071860 0.102134 0.157304
0.069982 0.098819 0.150117
0.068226 0.095733 0.143111
0.066537 0.092861 0.136321
0.064955 0.090276 0.129886
0.063267 0.087897 0.123622
0.061329 0.085713 0.117743
0.059549 0.084005 0.112175
0.057509 0.082538 0.106931
0.055684 0.081475 0.101971
0.053860 0.080759 0.097418
0.052230 0.080481 0.093171
0.050913 0.080625 0.089271
0.049943 0.081198 0.085513
0.049353 0.082180 0.082189
0.049079 0.083464 0.079009
0.049155 0.085141 0.076274
0.049556 0.087226 0.074000
0.050267 0.089512 0.072019
0.051322 0.092107 0.070500
0.052671 0.094931 0.069496
0.054312 0.097914 0.068834
0.056240 0.101026 0.068579
0.058195 0.104316 0.068741
0.060290 0.107873 0.069260
0.062176 0.111722 0.070000
0.063928 0.115778 0.071095
0.065475 0.120052 0.072347
0.066838 0.124588 0.073908
0.068268 0.129302 0.075503
0.069792 0.134182 0.077268
0.071436 0.139131 0.079173
0.073206 0.144277 0.081195
0.075035 0.149518 0.083188
0.076994 0.154830 0.085288
0.079073 0.160250 0.087584
0.081282 0.165794 0.089893
0.083484 0.171434 0.092320
0.085728 0.177157 0.094882
0.088156 0.182922 0.097452
0.090584 0.188805 0.100120
0.093019 0.194747 0.102903
0.095617 0.200704 0.105722
0.098237 0.206805 0.108578
0.100855 0.212892 0.111567
0.103600 0.219082 0.114506
0.106365 0.225299 0.117582
0.109139 0.231596 0.120662
0.111974 0.237913 0.123798
0.114789 0.244261 0.126976
0.117727 0.250686 0.130255
0.120641 0.257151 0.133472
0.123603 0.263656 0.136737
0.126616 0.270188 0.140040
0.129658 0.276752 0.143406
0.132693 0.283354 0.146750
0.135725 0.289985 0.150171
0.138830 0.296670 0.153554
0.141948 0.303360 0.157002
0.145094 0.310116 0.160442
0.148201 0.316874 0.163967
0.151363 0.323667 0.167446
0.154545 0.330493 0.170950
0.157748 0.337355 0.174497
0.160983 0.344226 0.178066
0.164239 0.351154 0.181591
0.167488 0.358094 0.185220
0.170768 0.365059 0.188816
0.174089 0.372056 0.192436
0.177457 0.379094 0.196101
0.180808 0.386151 0.199746
0.184249 0.393254 0.203474
0.187757 0.400396 0.207207
0.191253 0.407555 0.210958
0.194872 0.414761 0.214742
0.198521 0.422000 0.218587
0.202283 0.429298 0.222458
0.206179 0.436634 0.226391
0.210132 0.444018 0.230338
0.214250 0.451448 0.234395
0.218509 0.458933 0.238470
0.222944 0.466472 0.242640
0.227556 0.474069 0.246892
0.232381 0.481731 0.251239
0.237454 0.489442 0.255650
0.242733 0.497231 0.260175
0.248343 0.505068 0.264792
0.254208 0.512970 0.269550
0.260386 0.520928 0.274388
0.266890 0.528945 0.279377
0.273759 0.537002 0.284454
0.280938 0.545093 0.289684
0.288510 0.553216 0.295022
0.296432 0.561374 0.300491
0.304707 0.569536 0.306103
0.313342 0.577703 0.311781
0.322318 0.585869 0.317611
0.331612 0.593999 0.323531
0.341241 0.602097 0.329559
0.351160 0.610148 0.335653
0.361343 0.618143 0.341828
0.371779 0.626065 0.348071
0.382451 0.633916 0.354369
0.393325 0.641666 0.360698
0.404374 0.649336 0.367086
0.415582 0.656899 0.373491
0.426924 0.664355 0.379911
0.438366 0.671712 0.386331
0.449904 0.678964 0.392766
0.461514 0.686116 0.399187
0.473168 0.693167 0.405617
0.484878 0.700115 0.412015
0.496616 0.706977 0.418392
0.508390 0.713747 0.424768
0.520147 0.720436 0.431116
0.531933 0.727052 0.437443
0.543711 0.733600 0.443742
0.555481 0.740086 0.450020
0.567261 0.746510 0.456278
0.579022 0.752882 0.462515
0.590772 0.759216 0.468745
0.602519 0.765515 0.474957
0.614252 0.771771 0.481133
0.625984 0.777998 0.487319
0.637706 0.784202 0.493473
0.649422 0.790375 0.499620
0.661122 0.796533 0.505760
0.672829 0.802676 0.511899
0.684516 0.808810 0.518032
0.696216 0.814923 0.524147
0.707902 0.821031 0.530263
0.719595 0.827132 0.536376
0.731277 0.833223 0.542485
0.742973 0.839311 0.548595
0.754662 0.845390 0.554696
0.766349 0.851467 0.560800
0.778045 0.857543 0.566914
0.789742 0.863621 0.573024
0.801441 0.869687 0.579135
0.813146 0.875759 0.585254
0.824857 0.881828 0.591370
0.836576 0.887893 0.597497
0.848297 0.893962 0.603631
0.860031 0.900031 0.609764
