0.103874 0.056805 0.202430
0.109754 0.059104 0.205635
0.115663 0.061046 0.208843
0.121598 0.063055 0.212092
0.127575 0.064935 0.215312
0.133515 0.066895 0.218581
0.139386 0.068939 0.221840
0.145346 0.070894 0.225122
0.151193 0.072938 0.228453
0.157077 0.074970 0.231771
0.162979 0.077038 0.235110
0.168863 0.079188 0.238435
0.174746 0.081435 0.241823
0.180609 0.083639 0.245194
0.186520 0.085843 0.248633
0.192425 0.088221 0.252056
0.198334 0.090586 0.255503
0.204293 0.092949 0.258980
0.210211 0.095479 0.262461
0.216186 0.098018 0.265979
0.222124 0.100564 0.269515
0.228121 0.103253 0.273058
0.234096 0.105965 0.276636
0.240087 0.108708 0.280212
0.246101 0.111594 0.283828
0.252139 0.114453 0.287452
0.258153 0.117464 0.291117
0.264210 0.120519 0.294769
0.270259 0.123649 0.298454
0.276307 0.126865 0.302145
0.282356 0.130211 0.305884
0.288387 0.133541 0.309605
0.294424 0.136973 0.313331
0.300463 0.140494 0.317072
0.306506 0.144083 0.320832
0.312496 0.147750 0.324572
0.318504 0.151468 0.328340
0.324470 0.155292 0.332107
0.330424 0.159176 0.335860
0.336337 0.163148 0.339626
0.342232 0.167175 0.343369
0.348076 0.171244 0.347114
0.353869 0.175399 0.350843
0.359631 0.179615 0.354554
0.365331 0.183889 0.358244
0.370972 0.188248 0.361925
0.376573 0.192607 0.365573
0.382077 0.197055 0.369202
0.387525 0.201501 0.372794
0.392902 0.206057 0.376376
0.398204 0.210595 0.379900
0.403416 0.215176 0.383404
0.408536 0.219817 0.386848
0.413574 0.224434 0.390266
0.418507 0.229127 0.393641
0.423351 0.233801 0.396964
0.428105 0.238504 0.400253
0.432750 0.243215 0.403484
0.437290 0.247962 0.406658
0.441721 0.252674 0.409786
0.446034 0.257394 0.412860
0.450256 0.262114 0.415866
0.454365 0.266821 0.418823
0.458352 0.271520 0.421720
0.462234 0.276236 0.424573
0.466002 0.280883 0.427366
0.469677 0.285545 0.430087
0.473210 0.290189 0.432760
0.476659 0.294809 0.435375
0.479995 0.299421 0.437928
0.483211 0.303979 0.440413
0.486332 0.308535 0.442859
0.489342 0.313046 0.445236
0.492259 0.317537 0.447556
0.495074 0.321996 0.449837
0.497794 0.326417 0.452061
0.500399 0.330819 0.454223
0.502919 0.335210 0.456331
0.505351 0.339545 0.458395
0.507706 0.343834 0.460403
0.509958 0.348119 0.462373
0.512132 0.352358 0.464307
0.514235 0.356582 0.466168
0.516239 0.360748 0.468000
0.518191 0.364909 0.469800
0.520050 0.369042 0.471546
0.521848 0.373130 0.473241
0.523591 0.377205 0.474929
0.525257 0.381250 0.476556
0.526870 0.385250 0.478154
0.528414 0.389248 0.479726
0.529905 0.393206 0.481251
0.531341 0.397143 0.482757
0.532731 0.401075 0.484226
0.534059 0.404954 0.485673
0.535350 0.408831 0.487099
0.536606 0.412692 0.488492
0.537810 0.416517 0.489853
0.538970 0.420326 0.491215
0.540090 0.424120 0.492521
0.541178 0.427906 0.493829
0.542238 0.431673 0.495114
0.543262 0.435417 0.496367
0.544252 0.439136 0.497628
0.545217 0.442864 0.498851
0.546158 0.446565 0.500055
0.547062 0.450259 0.501264
0.547950 0.453939 0.502441
0.548817 0.457607 0.503609
0.549655 0.461272 0.504773
0.550476 0.464923 0.505906
0.551279 0.468564 0.507047
0.552068 0.472205 0.508179
0.552830 0.475831 0.509286
0.553581 0.479451 0.510385
0.554326 0.483058 0.511479
0.555048 0.486669 0.512567
0.555755 0.490274 0.513652
0.556462 0.493871 0.514722
0.557162 0.497470 0.515776
0.557835 0.501057 0.516843
0.558500 0.504647 0.517897
0.559168 0.508232 0.518945
0.559829 0.511802 0.519974
0.560474 0.515380 0.521015
0.561112 0.518967 0.522039
0.561754 0.522535 0.523077
0.562388 0.526115 0.524096
0.563011 0.529688 0.525114
0.563633 0.533255 0.526133
0.564247 0.536837 0.527144
0.564853 0.540403 0.528148
0.565463 0.543976 0.529160
0.566077 0.547547 0.530157
0.566689 0.551124 0.531156
0.567294 0.554700 0.532156
0.567895 0.558269 0.533147
0.568496 0.561859 0.534136
0.569099 0.565427 0.535129
0.569703 0.569012 0.536120
0.570308 0.572605 0.537115
0.570916 0.576196 0.538101
0.571526 0.579783 0.539079
0.572140 0.583367 0.540059
0.572757 0.586964 0.541042
0.573371 0.590563 0.542024
0.573986 0.594170 0.543012
0.574608 0.597777 0.543990
0.575244 0.601388 0.544972
0.575888 0.605007 0.545958
0.576531 0.608637 0.546936
0.577173 0.612254 0.547919
0.577825 0.615890 0.548907
0.578494 0.619537 0.549888
0.579177 0.623182 0.550875
0.579866 0.626832 0.551868
0.580561 0.630500 0.552855
0.581270 0.634172 0.553852
0.581995 0.637846 0.554854
0.582737 0.641532 0.555851
0.583497 0.645232 0.556875
0.584276 0.648949 0.557885
0.585079 0.652666 0.558907
0.585899 0.656410 0.559947
0.586736 0.660155 0.560982
0.587602 0.663922 0.562043
0.588497 0.667703 0.563104
0.589424 0.671494 0.564178
0.590386 0.675311 0.565256
0.591385 0.679143 0.566370
0.592425 0.683002 0.567492
0.593494 0.686879 0.568627
0.594610 0.690776 0.569787
0.595776 0.694703 0.570973
0.596998 0.698658 0.572187
0.598263 0.702644 0.573423
0.599602 0.706660 0.574680
0.600992 0.710704 0.575991
0.602456 0.714779 0.577314
0.603999 0.718897 0.578684
0.605602 0.723049 0.580099
0.607310 0.727246 0.581547
0.609095 0.731483 0.583047
0.610971 0.735764 0.584603
0.612942 0.740100 0.586210
0.615027 0.744473 0.587867
0.617229 0.748900 0.589592
0.619550 0.753381 0.591390
0.621980 0.757921 0.593253
0.624560 0.762508 0.595185
0.627269 0.767157 0.597203
0.630128 0.771868 0.599299
0.633135 0.776637 0.601476
0.636305 0.781462 0.603756
0.639633 0.786350 0.606115
0.643130 0.791291 0.608593
0.646810 0.796294 0.611159
0.650666 0.801356 0.613824
0.654704 0.806477 0.616616
0.658936 0.811644 0.619512
0.663368 0.816862 0.622512
0.667984 0.822127 0.625636
0.672796 0.827426 0.628877
0.677803 0.832762 0.632232
0.683000 0.838129 0.635702
0.688394 0.843511 0.639291
0.693965 0.848913 0.642991
0.699729 0.854314 0.646806
0.705669 0.859715 0.650725
0.711776 0.865095 0.654744
0.718039 0.870453 0.658868
0.724452 0.875781 0.663094
0.731000 0.881058 0.667395
0.737676 0.886282 0.671776
0.744467 0.891433 0.676236
0.751359 0.896511 0.680752
0.758327 0.901496 0.685338
0.765368 0.906386 0.689964
0.772456 0.911166 0.694625
0.779589 0.915826 0.699323
0.786752 0.920367 0.704045
0.793919 0.924774 0.708782
0.801076 0.929045 0.713515
0.808223 0.933171 0.718248
0.815338 0.937156 0.722969
0.822415 0.940982 0.727678
0.829438 0.944660 0.732366
0.836396 0.948178 0.737015
0.843285 0.951544 0.741630
0.850102 0.954757 0.746210
0.856831 0.957816 0.750750
0.863479 0.960723 0.755237
0.870023 0.963479 0.759670
0.876480 0.966091 0.764060
0.882838 0.968566 0.768392
0.889102 0.970900 0.772676
0.895264 0.973107 0.776909
0.901325 0.975180 0.781079
0.907294 0.977138 0.785201
0.913165 0.978977 0.789269
0.918939 0.980708 0.793287
0.924629 0.982335 0.797248
0.930235 0.983860 0.801169
0.935755 0.985295 0.805042
0.941192 0.986643 0.808876
0.946558 0.987907 0.812660
0.951853 0.989101 0.816415
0.957082 0.990222 0.820124
0.962248 0.991280 0.823806
0.967363 0.992281 0.827457
0.972422 0.993229 0.831083
0.977430 0.994125 0.834679
0.982400 0.994978 0.838253
0.987328 0.995795 0.841810
0.992221 0.996578 0.845345
0.997080 0.997331 0.848870
