0.309794 0.100897 0.238434
0.306925 0.103057 0.243183
0.304063 0.105260 0.248048
0.301206 0.107642 0.252960
0.298357 0.110165 0.257956
0.295506 0.112761 0.263074
0.292652 0.115446 0.268250
0.289797 0.118320 0.273541
0.286923 0.121220 0.278905
0.284059 0.124315 0.284344
0.281176 0.127533 0.289890
0.278304 0.130893 0.295518
0.275415 0.134349 0.301232
0.272489 0.137934 0.307044
0.269596 0.141626 0.312930
0.266660 0.145480 0.318905
0.263743 0.149425 0.324947
0.260788 0.153482 0.331074
0.257831 0.157709 0.337294
0.254906 0.162085 0.343565
0.251945 0.166549 0.349914
0.248989 0.171142 0.356325
0.246024 0.175856 0.362786
0.243082 0.180726 0.369314
0.240155 0.185755 0.375891
0.237283 0.190836 0.382507
0.234393 0.196092 0.389178
0.231551 0.201426 0.395877
0.228748 0.206944 0.402594
0.226000 0.212530 0.409350
0.223307 0.218250 0.416117
0.220710 0.224062 0.422892
0.218170 0.229998 0.429688
0.215755 0.236076 0.436479
0.213434 0.242217 0.443264
0.211280 0.248489 0.450038
0.209250 0.254841 0.456796
0.207408 0.261271 0.463537
0.205743 0.267789 0.470264
0.204294 0.274426 0.476952
0.203032 0.281125 0.483609
0.202026 0.287915 0.490243
0.201285 0.294778 0.496828
0.200827 0.301710 0.503377
0.200667 0.308736 0.509893
0.200819 0.315806 0.516356
0.201300 0.322937 0.522785
0.202125 0.330125 0.529167
0.203310 0.337371 0.535486
0.204842 0.344665 0.541769
0.206756 0.352010 0.548014
0.209001 0.359413 0.554202
0.211661 0.366859 0.560346
0.214658 0.374347 0.566442
0.218059 0.381861 0.572495
0.221805 0.389424 0.578493
0.225949 0.397012 0.584457
0.230400 0.404640 0.590370
0.235255 0.412311 0.596247
0.240385 0.419990 0.602077
0.245885 0.427706 0.607873
0.251719 0.435440 0.613610
0.257815 0.443189 0.619328
0.264244 0.450959 0.624987
0.270945 0.458746 0.630616
0.277910 0.466546 0.636198
0.285126 0.474358 0.641734
0.292615 0.482177 0.647238
0.300336 0.489993 0.652688
0.308292 0.497831 0.658107
0.316471 0.505635 0.663476
0.324836 0.513466 0.668792
0.333432 0.521272 0.674059
0.342199 0.529079 0.679273
0.351152 0.536863 0.684435
0.360265 0.544620 0.689548
0.369559 0.552363 0.694583
0.379006 0.560075 0.699563
0.388606 0.567750 0.704473
0.398342 0.575392 0.709312
0.408208 0.582985 0.714062
0.418198 0.590534 0.718732
0.428317 0.598029 0.723311
0.438535 0.605463 0.727795
0.448867 0.612831 0.732180
0.459282 0.620136 0.736442
0.469788 0.627344 0.740595
0.480360 0.634477 0.744621
0.491019 0.641500 0.748513
0.501719 0.648431 0.752260
0.512468 0.655248 0.755858
0.523271 0.661954 0.759290
0.534088 0.668520 0.762556
0.544939 0.674947 0.765648
0.555783 0.681227 0.768536
0.566644 0.687359 0.771238
0.577472 0.693321 0.773717
0.588276 0.699099 0.775984
0.599049 0.704698 0.778019
0.609756 0.710098 0.779809
0.620406 0.715290 0.781353
0.630964 0.720260 0.782631
0.641418 0.725008 0.783644
0.651775 0.729510 0.784377
0.661998 0.733766 0.784818
0.672071 0.737761 0.784964
0.681985 0.741491 0.784809
0.691734 0.744947 0.784344
0.701286 0.748120 0.783559
0.710638 0.751000 0.782456
0.719766 0.753571 0.781030
0.728656 0.755845 0.779275
0.737301 0.757806 0.777198
0.745682 0.759447 0.774779
0.753790 0.760779 0.772041
0.761608 0.761780 0.768968
0.769130 0.762462 0.765581
0.776350 0.762822 0.761860
0.783247 0.762858 0.757832
0.789824 0.762572 0.753487
0.796069 0.761968 0.748841
0.801982 0.761052 0.743901
0.807559 0.759818 0.738672
0.812790 0.758288 0.733164
0.817683 0.756451 0.727385
0.822240 0.754328 0.721348
0.826449 0.751915 0.715071
0.830323 0.749220 0.708558
0.833864 0.746267 0.701809
0.837071 0.743057 0.694857
0.839957 0.739595 0.687707
0.842522 0.735881 0.680359
0.844775 0.731953 0.672849
0.846720 0.727795 0.665158
0.848375 0.723429 0.657325
0.849744 0.718866 0.649343
0.850824 0.714109 0.641219
0.851641 0.709178 0.632988
0.852200 0.704064 0.624639
0.852502 0.698789 0.616188
0.852559 0.693366 0.607648
0.852383 0.687792 0.599014
0.851977 0.682076 0.590303
0.851351 0.676238 0.581530
0.850524 0.670276 0.572701
0.849497 0.664186 0.563812
0.848269 0.657993 0.554867
0.846857 0.651691 0.545892
0.845268 0.645281 0.536877
0.843502 0.638786 0.527819
0.841573 0.632196 0.518753
0.839480 0.625516 0.509650
0.837227 0.618761 0.500535
0.834819 0.611908 0.491420
0.832264 0.604986 0.482276
0.829563 0.597982 0.473123
0.826715 0.590908 0.463993
0.823724 0.583759 0.454850
0.820595 0.576547 0.445697
0.817330 0.569242 0.436575
0.813925 0.561889 0.427458
0.810383 0.554451 0.418335
0.806711 0.546945 0.409251
0.802891 0.539366 0.400181
0.798942 0.531725 0.391138
0.794848 0.524009 0.382105
0.790616 0.516215 0.373117
0.786248 0.508373 0.364162
0.781732 0.500434 0.355262
0.777075 0.492435 0.346370
0.772265 0.484364 0.337552
0.767312 0.476232 0.328785
0.762213 0.468018 0.320076
0.756966 0.459745 0.311414
0.751572 0.451404 0.302832
0.746017 0.442996 0.294339
0.740318 0.434521 0.285926
0.734468 0.425986 0.277633
0.728462 0.417410 0.269433
0.722309 0.408765 0.261326
0.716022 0.400078 0.253360
0.709580 0.391359 0.245505
0.703000 0.382589 0.237836
0.696284 0.373805 0.230275
0.689441 0.364988 0.222933
0.682464 0.356175 0.215740
0.675380 0.347352 0.208729
0.668190 0.338519 0.201919
0.660887 0.329730 0.195347
0.653502 0.320948 0.188998
0.646037 0.312188 0.182858
0.638504 0.303505 0.177002
0.630916 0.294878 0.171380
0.623278 0.286318 0.166023
0.615601 0.277866 0.160968
0.607919 0.269501 0.156191
0.600216 0.261224 0.151649
0.592533 0.253084 0.147456
0.584857 0.245050 0.143533
0.577215 0.237213 0.139876
0.569614 0.229458 0.136560
0.562087 0.221900 0.133557
0.554609 0.214514 0.130839
0.547213 0.207309 0.128377
0.539904 0.200249 0.126229
0.532704 0.193439 0.124314
0.525599 0.186791 0.122693
0.518615 0.180343 0.121355
0.511737 0.174127 0.120283
0.504996 0.168093 0.119460
0.498392 0.162314 0.118887
0.491910 0.156718 0.118530
0.485559 0.151323 0.118380
0.479365 0.146179 0.118441
0.473293 0.141262 0.118696
0.467386 0.136499 0.119128
0.461606 0.132029 0.119743
0.455965 0.127739 0.120540
0.450470 0.123640 0.121503
0.445110 0.119801 0.122633
0.439885 0.116199 0.123927
0.434795 0.112774 0.125384
0.429829 0.109563 0.126918
0.424996 0.106543 0.128630
0.420275 0.103706 0.130495
0.415679 0.101056 0.132411
0.411199 0.098655 0.134487
0.406829 0.096378 0.136617
0.402559 0.094420 0.138903
0.398404 0.092523 0.141318
0.394334 0.090892 0.143788
0.390360 0.089396 0.146355
0.386473 0.088090 0.149037
0.382681 0.086971 0.151798
0.378962 0.085915 0.154663
0.375315 0.085142 0.157608
0.371742 0.084549 0.160643
0.368248 0.084070 0.163801
0.364802 0.083717 0.166997
0.361425 0.083521 0.170268
0.358104 0.083485 0.173628
0.354840 0.083605 0.177086
0.351599 0.083878 0.180596
0.348426 0.084281 0.184216
0.345287 0.084781 0.187935
0.342192 0.085387 0.191667
0.339133 0.086179 0.195515
0.336087 0.087176 0.199429
0.333099 0.088190 0.203460
0.330117 0.089356 0.207546
0.327150 0.090652 0.211724
0.324219 0.092078 0.215975
0.321308 0.093564 0.220306
0.318411 0.095269 0.224679
0.315531 0.096976 0.229197
0.312640 0.098899 0.233767
